#usda 1.0
(
    defaultPrim = "Base_Camera"
    endTimeCode = 300
    framesPerSecond = 60
    metersPerUnit = 1
    startTimeCode = 1
    subLayers = [
        @./Base_Camera.usda@
    ]
    upAxis = "Z"
)

over "Base_Camera"
{
    float focalLength = 20
    float horizontalAperture = 15
    float verticalAperture = 15.2908
    matrix4d xformOp:transform:transform11.timeSamples = {
        1: ( (-0.6906400697698657, 0.7231986546090051, 0, 0), (-0.4745455106234381, -0.4531813526991963, 0.7546079908885587, 0), (0.54573148376781, 0.5211625154761723, 0.6561758758801888, 0), (438.60858154296875, 393.26226806640625, 543.3733520507812, 1) ),
        2: ( (-0.6905866734434103, 0.7232496432507689, 0, 0), (-0.47458047511109824, -0.45314775423197984, 0.7546061790615269, 0), (0.5457686498010752, 0.5211209709579423, 0.6561779594912973, 0), (438.6315002441406, 393.2225646972656, 543.3668823242188, 1) ),
        3: ( (-0.6904274198021965, 0.7234016712624333, 0, 0), (-0.4746843891123584, -0.4530472226077188, 0.7546011826259347, 0), (0.5458797566482098, 0.5209973475001101, 0.6561837053596659, 0), (438.7000427246094, 393.10382080078125, 543.347541809082, 1) ),
        4: ( (-0.6901622422995204, 0.7236546685430131, 0, 0), (-0.47485858516969504, -0.4528810220705633, 0.7545913489690678, 0), (0.5460635525236358, 0.5207904574243117, 0.6561950137428983, 0), (438.81396484375, 392.90643310546875, 543.3153686523438, 1) ),
        5: ( (-0.6897922648559711, 0.7240073420517708, 0, 0), (-0.47510018773435747, -0.452647943599646, 0.7545791216100469, 0), (0.54632082420465, 0.5205028413084235, 0.6562090743278471, 0), (438.97283935546875, 392.63116455078125, 543.2705688476562, 1) ),
        6: ( (-0.6893176391506896, 0.7244592413350248, 0, 0), (-0.4754099721783883, -0.45234909150555436, 0.7545632231744691, 0), (0.5466503002002869, 0.5201337395885599, 0.6562273555960284, 0), (439.1764831542969, 392.2783203125, 543.2130737304688, 1) ),
        7: ( (-0.6887397411403067, 0.7250086682061004, 0, 0), (-0.4757869112310346, -0.4519854292087642, 0.7545435619526555, 0), (0.547050622954782, 0.5196841375383568, 0.6562499623739412, 0), (439.4244689941406, 391.8486633300781, 543.14306640625, 1) ),
        8: ( (-0.6880580158910834, 0.7256556805868921, 0, 0), (-0.4762297689776797, -0.45155535706140554, 0.7545216807014973, 0), (0.5475229437270107, 0.5191546905702777, 0.656275120167897, 0), (439.7166442871094, 391.3424377441406, 543.0606002807617, 1) ),
        9: ( (-0.6872737457034711, 0.7263985121589391, 0, 0), (-0.47673877807919185, -0.45106100886518724, 0.7544959269320667, 0), (0.5480647187534329, 0.5185452418206139, 0.6563047281887595, 0), (440.0525817871094, 390.76043701171875, 542.9658203125, 1) ),
        10: ( (-0.6863862956147471, 0.7272371368352039, 0, 0), (-0.477312990803167, -0.45050105256165224, 0.7544674349840285, 0), (0.5486767372531852, 0.5178561078606473, 0.6563374814442802, 0), (440.4320068359375, 390.10302734375, 542.8587112426758, 1) ),
        11: ( (-0.6853968733893756, 0.728169709578796, 0, 0), (-0.4779507741899927, -0.44987584893271926, 0.7544367289562801, 0), (0.5493579738196713, 0.5170885751967422, 0.6563727767067646, 0), (440.8545837402344, 389.37091064453125, 542.7394485473633, 1) ),
        12: ( (-0.6843057213460768, 0.7291952274480583, 0, 0), (-0.47865186183935576, -0.4491858905000232, 0.7544033608974839, 0), (0.5501073303372205, 0.5162425360648575, 0.6564111280794839, 0), (441.3200378417969, 388.5644226074219, 542.6081008911133, 1) ),
        13: ( (-0.6831123557208207, 0.7303132954161186, 0, 0), (-0.4794156527802655, -0.4484304996166911, 0.7543677610309156, 0), (0.550924805514167, 0.5153179383176699, 0.6564520402262478, 0), (441.82806396484375, 387.68426513671875, 542.4647216796875, 1) ),
        14: ( (-0.681818247730506, 0.7315216176311554, 0, 0), (-0.4802404113403087, -0.44761038889014126, 0.7543302241547184, 0), (0.5518088658017317, 0.5143161116433299, 0.6564951735745606, 0), (442.3782958984375, 386.7309265136719, 542.3093872070312, 1) ),
        15: ( (-0.6804225611705992, 0.7328199903455433, 0, 0), (-0.48112560578858027, -0.44672459983120705, 0.7542912457136298, 0), (0.5527597034015901, 0.5132367812770298, 0.656539958144042, 0), (442.9705505371094, 385.70477294921875, 542.142204284668, 1) ),
        16: ( (-0.6789256588965273, 0.7342070210042371, 0, 0), (-0.48207143573476946, -0.44577436305874624, 0.7542495264089909, 0), (0.5537752978786018, 0.5120793566896178, 0.6565878859008997, 0), (443.6025085449219, 384.6055603027344, 541.962646484375, 1) ),
        17: ( (-0.6773254052335342, 0.7356835565820598, 0, 0), (-0.4830822160835694, -0.44476168434440244, 0.7542006474691716, 0), (0.5548530147066124, 0.5108392591744505, 0.656644030930825, 0), (444.25933837890625, 383.4265441894531, 541.765380859375, 1) ),
        18: ( (-0.6756227462989661, 0.7372475192792736, 0, 0), (-0.48415139865378043, -0.4436823306000762, 0.7541507890964995, 0), (0.5559957984239009, 0.5095214272529094, 0.6567012922974396, 0), (444.9561462402344, 382.1757507324219, 541.5560913085938, 1) ),
        19: ( (-0.6738202376956755, 0.7388953155026383, 0, 0), (-0.48527641999188464, -0.4425377530572131, 0.7541002143740135, 0), (0.5572011158204939, 0.5081279856958576, 0.6567593674102159, 0), (445.69256591796875, 380.85382080078125, 541.3348999023438, 1) ),
        20: ( (-0.6719165404922052, 0.7406268713819306, 0, 0), (-0.4864578585479898, -0.44132760238759317, 0.754048207495862, 0), (0.5584683647888131, 0.506657462944968, 0.6568190776555425, 0), (446.46826171875, 379.4613952636719, 541.1018676757812, 1) ),
        21: ( (-0.6699122221205196, 0.7424403104987954, 0, 0), (-0.4876926591397023, -0.44005055810701854, 0.7539969340328565, 0), (0.5597977178184937, 0.5051117615500097, 0.6568779365065113, 0), (447.2829895019531, 377.9989318847656, 540.8571701049805, 1) ),
        22: ( (-0.667806848855823, 0.7443346106565621, 0, 0), (-0.4889815919023863, -0.43870760725313823, 0.7539447182113781, 0), (0.5611871482864376, 0.5034894464802319, 0.656937867595685, 0), (448.136474609375, 376.4668884277344, 540.6008377075195, 1) ),
        23: ( (-0.6655971147861487, 0.7463112492709422, 0, 0), (-0.49033059247348204, -0.4373009625147018, 0.7538857859572095, 0), (0.5626334427253311, 0.5017842040114067, 0.6570054959676369, 0), (449.0080261230469, 374.8561096191406, 540.3256225585938, 1) ),
        24: ( (-0.66328538953662, 0.7483665492439212, 0, 0), (-0.4917327764617956, -0.43582809321569244, 0.7538254106337537, 0), (0.5641377212883641, 0.5000013811348119, 0.6570747676504193, 0), (449.9111633300781, 373.17364501953125, 540.0366287231445, 1) ),
        25: ( (-0.6608717530531973, 0.7504988514424213, 0, 0), (-0.4931847747617615, -0.43428698931321047, 0.7537662693809388, 0), (0.5657007194264334, 0.4981428358381496, 0.6571426109632079, 0), (450.8509521484375, 371.4229431152344, 539.73583984375, 1) ),
        26: ( (-0.6583576788082945, 0.7527052323148514, 0, 0), (-0.4946848102312542, -0.432678729233731, 0.7537082033487175, 0), (0.5673201082992056, 0.4962095832554317, 0.6572092088557862, 0), (451.8273010253906, 369.6041259765625, 539.4234008789062, 1) ),
        27: ( (-0.6557416108945173, 0.7549853904159096, 0, 0), (-0.49623257506699403, -0.4310021786958118, 0.7536513473761216, 0), (0.5689957567362375, 0.49420054858124146, 0.6572744073810849, 0), (452.8396911621094, 367.7181396484375, 539.0994262695312, 1) ),
        28: ( (-0.6530199936969442, 0.7573406682808226, 0, 0), (-0.49783684955487995, -0.4292617971994181, 0.7535866112733144, 0), (0.5707217877892123, 0.4921071241438013, 0.6573486284382151, 0), (453.8608703613281, 365.7529296875, 538.75439453125, 1) ),
        29: ( (-0.6501941334943934, 0.7597681151308437, 0, 0), (-0.49948735464122745, -0.4274511410450942, 0.7535236589336499, 0), (0.572503250054516, 0.4899366624878893, 0.6574207902304614, 0), (454.91259765625, 363.7187805175781, 538.3961181640625, 1) ),
        30: ( (-0.6472669976138097, 0.7622633624935705, 0, 0), (-0.5011812431493646, -0.4255721768555841, 0.753462463432424, 0), (0.5743368308886884, 0.4876913865206099, 0.6574909248030296, 0), (455.9985046386719, 361.6185607910156, 538.0261917114258, 1) ),
        31: ( (-0.644237629203602, 0.7648253899538916, 0, 0), (-0.5029164006834871, -0.4236230568698446, 0.7534046718807992, 0), (0.576223021964316, 0.4853716396434037, 0.6575571461007669, 0), (457.1183776855469, 359.4526672363281, 537.6447143554688, 1) ),
        32: ( (-0.6411016314116433, 0.7674559910518188, 0, 0), (-0.5047012725864477, -0.42160698854829437, 0.7533420024509841, 0), (0.5781568330919817, 0.48296878678224014, 0.6576289435108079, 0), (458.248046875, 357.211181640625, 537.2434692382812, 1) ),
        33: ( (-0.6378595778751922, 0.7701526854545673, 0, 0), (-0.506530893252933, -0.41952146353986824, 0.7532782990434231, 0), (0.580139304902941, 0.48048577785038066, 0.6577019113475703, 0), (459.39874267578125, 354.8994140625, 536.8264236450195, 1) ),
        34: ( (-0.634515419507229, 0.7729102033273756, 0, 0), (-0.5083970850237671, -0.41736515870974056, 0.7532189112300153, 0), (0.5821705818288155, 0.4779290134398914, 0.6577699231231772, 0), (460.5814208984375, 352.52337646484375, 536.3978271484375, 1) ),
        35: ( (-0.6310680581462479, 0.7757274688880909, 0, 0), (-0.5102988294282587, -0.41513715096770953, 0.753164159111785, 0), (0.5842501268050123, 0.4752978433560259, 0.6578326150544969, 0), (461.79595947265625, 350.0833435058594, 535.9577026367188, 1) ),
        36: ( (-0.6275089422435088, 0.7786093548143592, 0, 0), (-0.5122502433554884, -0.4128406708504326, 0.7531017651513026, 0), (0.5863720794740108, 0.4725780920518133, 0.6579040441629709, 0), (463.0052490234375, 347.5643005371094, 535.4935302734375, 1) ),
        37: ( (-0.6238456199827082, 0.7815475944741884, 0, 0), (-0.5142351456791713, -0.4104719220445579, 0.753043834156663, 0), (0.5885395971187597, 0.4697830975936191, 0.6579703517930212, 0), (464.2425842285156, 344.9809265136719, 535.0168380737305, 1) ),
        38: ( (-0.6200786337047929, 0.7845396663157302, 0, 0), (-0.5162501464888968, -0.4080299559460476, 0.7529922584601114, 0), (0.5907522951906239, 0.46691441081623214, 0.6580293752554979, 0), (465.5099182128906, 342.3348693847656, 534.5286331176758, 1) ),
        39: ( (-0.6162026659665069, 0.787587629699559, 0, 0), (-0.5183042391208166, -0.4055173569064602, 0.752938502772298, 0), (0.593005050707969, 0.46396271271712014, 0.6580908835738496, 0), (466.784423828125, 339.6176452636719, 534.0213088989258, 1) ),
        40: ( (-0.6122165365879411, 0.7906901493810746, 0, 0), (-0.5203946787764363, -0.40293182879372996, 0.7528846655671172, 0), (0.5952984886839843, 0.46092844240367076, 0.6581524750039994, 0), (468.0681457519531, 336.83038330078125, 533.4957275390625, 1) ),
        41: ( (-0.6081262288927148, 0.7938403427218381, 0, 0), (-0.5225098985462383, -0.40027188977642986, 0.7528385086962578, 0), (0.5976335797576348, 0.45782084325867056, 0.6582052717989993, 0), (469.380184173584, 333.9816589355469, 532.958625793457, 1) ),
        42: ( (-0.6039265361930706, 0.7970399857484189, 0, 0), (-0.5246568787192991, -0.3975386644589591, 0.7527935771994271, 0), (0.6000065820425327, 0.45463201754644084, 0.6582566597667586, 0), (470.7032775878906, 331.0656433105469, 532.4043579101562, 1) ),
        43: ( (-0.5996141881087433, 0.8002892136088631, 0, 0), (-0.5268378313783438, -0.3947315959718667, 0.7527475450441978, 0), (0.6024157408694233, 0.4513581080725264, 0.658309299212713, 0), (472.0256042480469, 328.0780334472656, 531.8291625976562, 1) ),
        44: ( (-0.5951974375335912, 0.8035794984651157, 0, 0), (-0.5290386070756832, -0.39184974714913845, 0.752709723520679, 0), (0.6048621021165631, 0.44801089864612603, 0.6583525439439137, 0), (473.374454498291, 325.0305480957031, 531.2424926757812, 1) ),
        45: ( (-0.5906689136476749, 0.8069140192426176, 0, 0), (-0.531267064530118, -0.38889266065464373, 0.7526737703909334, 0), (0.6073430172446432, 0.44458099828791214, 0.6583936477256569, 0), (474.7300109863281, 321.9161376953125, 530.6378784179688, 1) ),
        46: ( (-0.5860270395710884, 0.8102914962478294, 0, 0), (-0.5335236789974668, -0.38586027817368773, 0.7526382462224016, 0), (0.609856370664892, 0.4410663633016899, 0.6584342566447068, 0), (476.0832862854004, 318.73199462890625, 530.0125732421875, 1) ),
        47: ( (-0.5812792432422929, 0.8137041485550306, 0, 0), (-0.5357938949673349, -0.38275074589888236, 0.7526132928865805, 0), (0.6124045586794729, 0.4374784853432016, 0.6584627790319042, 0), (477.46148681640625, 315.4891662597656, 529.375732421875, 1) ),
        48: ( (-0.5764167223498856, 0.8171558983421798, 0, 0), (-0.5380911886678681, -0.3795662001908558, 0.7525871194424444, 0), (0.6149810036687441, 0.43380380067175567, 0.6584926936947167, 0), (478.8340492248535, 312.1773986816406, 528.7176513671875, 1) ),
        49: ( (-0.5714416500520414, 0.8206426997090758, 0, 0), (-0.5404065484301391, -0.3763036091630657, 0.7525665127712462, 0), (0.6175882147512401, 0.43004784983191163, 0.6585162441848535, 0), (480.2108154296875, 308.80108642578125, 528.0417556762695, 1) ),
        50: ( (-0.5663607231208458, 0.8241574675424792, 0, 0), (-0.542729904643217, -0.3729638004368345, 0.7525571434580085, 0), (0.6202255895333545, 0.4262188079586358, 0.6585269514836294, 0), (481.61098861694336, 305.36724853515625, 527.3543701171875, 1) ),
        51: ( (-0.5611578715401848, 0.8277087913079633, 0, 0), (-0.54508218354719, -0.3695468275146187, 0.7525427266629505, 0), (0.6228862306937898, 0.4222952747372284, 0.6585434264698812, 0), (482.9853858947754, 301.8604431152344, 526.64013671875, 1) ),
        52: ( (-0.5558466138229642, 0.8312848740964462, 0, 0), (-0.5474394649870735, -0.3660506552785126, 0.7525403311084651, 0), (0.6255753943979984, 0.41829699481185256, 0.6585461639514437, 0), (484.378604888916, 298.29583740234375, 525.913330078125, 1) ),
        53: ( (-0.5504227327160115, 0.8348861091846229, 0, 0), (-0.5498075722145874, -0.362476489951263, 0.752543970654282, 0), (0.6282885076499005, 0.4142173088164879, 0.6585420049107626, 0), (485.7733459472656, 294.66888427734375, 525.168701171875, 1) ),
        54: ( (-0.5448803707014838, 0.8385137933416561, 0, 0), (-0.552191506386835, -0.35882333133627436, 0.7525492390288998, 0), (0.6310229170944994, 0.4100493083331864, 0.6585359844663189, 0), (487.1555480957031, 290.97564697265625, 524.4021682739258, 1) ),
        55: ( (-0.5392306761911854, 0.8421581073969406, 0, 0), (-0.5545714792094101, -0.3550900372553042, 0.75256995680768, 0), (0.6337828905089532, 0.40580880669057645, 0.6585123082452495, 0), (488.55837631225586, 287.2271728515625, 523.624137878418, 1) ),
        56: ( (-0.5334566578783607, 0.8458274021130137, 0, 0), (-0.5569713242656426, -0.3512774124302197, 0.7525869540871047, 0), (0.6365586682396417, 0.4014725212901622, 0.6584928826782368, 0), (489.9305114746094, 283.40881538391113, 522.8190841674805, 1) ),
        57: ( (-0.5275738044834197, 0.8495091999636557, 0, 0), (-0.5593658145562225, -0.34738499700299746, 0.752617797665642, 0), (0.639355743173348, 0.39706143483639533, 0.6584576301000079, 0), (491.3172035217285, 279.5346965789795, 522.001091003418, 1) ),
        58: ( (-0.5215728534122872, 0.8532067501979603, 0, 0), (-0.5617650220218684, -0.34341194020696664, 0.7526541698257284, 0), (0.6421696182599534, 0.39256398298866135, 0.6584160543637614, 0), (492.6923484802246, 275.59832763671875, 521.162467956543, 1) ),
        59: ( (-0.5154555702311054, 0.8569163057835496, 0, 0), (-0.5641649456634015, -0.3393586535915254, 0.7526975609879165, 0), (0.6449988133340534, 0.38798215051058876, 0.658366449390339, 0), (494.0589942932129, 271.6011619567871, 520.3043823242188, 1) ),
        60: ( (-0.5092261461615158, 0.8606327509835369, 0, 0), (-0.5665566682498641, -0.3352248312945106, 0.7527535148673704, 0), (0.6478443283128317, 0.3833217713854464, 0.6583024729216954, 0), (495.4301452636719, 267.54760932922363, 519.4309005737305, 1) ),
        61: ( (-0.5028729258469243, 0.8643603533539432, 0, 0), (-0.5689532810447063, -0.3310091676451528, 0.7528114604091296, 0), (0.6507003799281333, 0.37856850170703504, 0.6582362076615609, 0), (496.7731285095215, 263.429594039917, 518.5325927734375, 1) ),
        62: ( (-0.49641281119686, 0.8680865860498195, 0, 0), (-0.5713303976865334, -0.32671364054635366, 0.7528876235935185, 0), (0.653571646844459, 0.37374306174338184, 0.6581490911941643, 0), (498.1330223083496, 259.25970458984375, 517.622932434082, 1) ),
        63: ( (-0.489823129908306, 0.8718218289345769, 0, 0), (-0.5737148081756256, -0.32233510757439, 0.7529617502270693, 0), (0.6564484902007437, 0.36881808119745924, 0.6580642846219421, 0), (499.4493293762207, 255.02365112304688, 516.6845703125, 1) ),
        64: ( (-0.48312676392001064, 0.8755504154440099, 0, 0), (-0.5760738850663931, -0.31787628326327094, 0.7530561383344809, 0), (0.6593386147714165, 0.36382157516363767, 0.65795626945623, 0), (500.7807960510254, 250.73675537109375, 515.7347412109375, 1) ),
        65: ( (-0.4763042362513153, 0.8792805436998201, 0, 0), (-0.5784319163602805, -0.31333523085372056, 0.753151745162699, 0), (0.6622316759751263, 0.3587293667610646, 0.6578468277330072, 0), (502.0774269104004, 246.38763236999512, 514.7592163085938, 1) ),
        66: ( (-0.46937124565449284, 0.8830009251143227, 0, 0), (-0.5807652943474859, -0.30871375316564326, 0.7532645561075207, 0), (0.6651332998987705, 0.35356072300756564, 0.6577176510571536, 0), (503.3771057128906, 241.98602294921875, 513.769157409668, 1) ),
        67: ( (-0.4623149505249728, 0.8867157867778672, 0, 0), (-0.5830884717358475, -0.30401005821921945, 0.7533828499709165, 0), (0.6680364665569132, 0.3483001550106673, 0.6575821480010687, 0), (504.6478614807129, 237.52535820007324, 512.7555541992188, 1) ),
        68: ( (-0.4551446658435306, 0.890417504968417, 0, 0), (-0.5853860605741298, -0.29922518531228054, 0.7535167208233223, 0), (0.6709444785074858, 0.342959116106644, 0.6574287424806337, 0), (505.91257095336914, 233.01141357421875, 511.72515869140625, 1) ),
        69: ( (-0.44785227553607165, 0.8941075658427025, 0, 0), (-0.5876658000949325, -0.2943577214663045, 0.7536593655040373, 0), (0.6738525407653704, 0.33752806182005507, 0.657265213432182, 0), (507.15136337280273, 228.441162109375, 510.6727981567383, 1) ),
        70: ( (-0.4404460827957989, 0.8977790642189404, 0, 0), (-0.5899175901614675, -0.28941072710912774, 0.7538160703064462, 0), (0.6767602861929202, 0.3320153353149967, 0.6570854831357539, 0), (508.3778190612793, 223.81797790527344, 509.60237884521484, 1) ),
        71: ( (-0.43291815207941753, 0.9014332330240229, 0, 0), (-0.5921456804693729, -0.2843811436712124, 0.7539833275515557, 0), (0.6796656286010098, 0.3264130688623097, 0.6568935543710894, 0), (509.5787353515625, 219.14031982421875, 508.51053619384766, 1) ),
        72: ( (-0.4252763741504299, 0.9050635367693605, 0, 0), (-0.5943417024058528, -0.27927264102118643, 0.7541649241103461, 0), (0.6825671735227061, 0.3207285244370821, 0.6566850594018687, 0), (510.76373291015625, 214.41064453125, 507.4001235961914, 1) ),
        73: ( (-0.4175128455090064, 0.9086710206862396, 0, 0), (-0.5965087146127954, -0.27408164796630397, 0.7543584052949006, 0), (0.6854636221025614, 0.3149543243283103, 0.656462791299655, 0), (511.9211730957031, 209.62789916992188, 506.2682418823242, 1) ),
        74: ( (-0.40963565191545825, 0.9122492163218325, 0, 0), (-0.5986393517985366, -0.2688125314319023, 0.7545665970763619, 0), (0.6883527868455431, 0.3090973799070044, 0.6562234760937766, 0), (513.0619583129883, 204.79464721679688, 505.11804962158203, 1) ),
        75: ( (-0.4016363453459295, 0.9157992389695272, 0, 0), (-0.6007373019291126, -0.2634616018367443, 0.7547865118220827, 0), (0.6912329131111273, 0.3031496961246235, 0.6559705188279829, 0), (514.1705284118652, 199.90916442871094, 503.94561767578125, 1) ),
        76: ( (-0.3935253121121243, 0.9193137814299616, 0, 0), (-0.6027907017687768, -0.2580331153992567, 0.7550246891449706, 0), (0.6941046020508441, 0.2971213264481342, 0.6556963617266307, 0), (515.2641563415527, 194.97496032714844, 502.7557907104492, 1) ),
        77: ( (-0.3852911248723496, 0.922795074268713, 0, 0), (-0.6048098731560639, -0.25252397077094335, 0.7552725743193788, 0), (0.6969618113121732, 0.29099981974474876, 0.65541081657307, 0), (516.3185501098633, 189.98959350585938, 501.54248046875, 1) ),
        78: ( (-0.3769494633780212, 0.9262338268812157, 0, 0), (-0.6067769337024391, -0.2469400629854433, 0.7555411027994513, 0), (0.6998077270119898, 0.28480081326029155, 0.6551012455953575, 0), (517.3623123168945, 184.9579620361328, 500.31341552734375, 1) ),
        79: ( (-0.36848084518264806, 0.9296353407296225, 0, 0), (-0.6087077716776083, -0.24127434097005418, 0.7558184577587046, 0), (0.7026355495082511, 0.27850462411957305, 0.6547812298098146, 0), (518.3573684692383, 179.87557983398438, 499.0589294433594, 1) ),
        80: ( (-0.35991033336167627, 0.9329868980534973, 0, 0), (-0.610576742765394, -0.2355369400042516, 0.7561206194037003, 0), (0.7054506312517475, 0.27213562419122295, 0.6544322798522124, 0), (519.3485794067383, 174.74911499023438, 497.7908401489258, 1) ),
        81: ( (-0.35120795296325336, 0.9362974814530696, 0, 0), (-0.6124100514404387, -0.22971682056297174, 0.7564285235533881, 0), (0.7082421215023011, 0.2656637133202015, 0.6540763630913758, 0), (520.2796058654785, 169.57249450683594, 496.49493408203125, 1) ),
        82: ( (-0.3424072094901778, 0.9395516499315775, 0, 0), (-0.6141759294271696, -0.22382831869488853, 0.7567620573618182, 0), (0.7110170395999114, 0.259120784309306, 0.6536904378507522, 0), (521.2060546875, 164.35325622558594, 495.1856384277344, 1) ),
        83: ( (-0.33347953325157165, 0.9427573393521336, 0, 0), (-0.6158970271273218, -0.21785993549368063, 0.75710494680884, 0), (0.7137662452638406, 0.25247900428426795, 0.6532932722120928, 0), (522.0781860351562, 159.08673095703125, 493.85074615478516, 1) ),
        84: ( (-0.32444828221845523, 0.9459034370196007, 0, 0), (-0.6175512392432426, -0.2118222969837845, 0.7574706472264445, 0), (0.7164940886529553, 0.2457600503235214, 0.6528692201278532, 0), (522.9329223632812, 153.77781581878662, 492.4997329711914, 1) ),
        85: ( (-0.3153013766847242, 0.9489915920916885, 0, 0), (-0.6191477356190648, -0.20571113067676094, 0.7578515766253133, 0), (0.7191947742708523, 0.23895164543265004, 0.652426998066854, 0), (523.7460289001465, 148.42478942871094, 491.12677001953125, 1) ),
        86: ( (-0.3060424461467564, 0.9520178680867863, 0, 0), (-0.6206801448913402, -0.1995282611648972, 0.7582510341134904, 0), (0.7218685329713262, 0.23205700127340023, 0.6519627054255653, 0), (524.5248374938965, 143.02944946289062, 489.7339782714844, 1) ),
        87: ( (-0.2966785130505329, 0.9549774132900342, 0, 0), (-0.6221411716140476, -0.19327778346723568, 0.7586725650771171, 0), (0.7245151637314604, 0.22508184849931276, 0.6514721321739768, 0), (525.2766723632812, 137.59312438964844, 488.3233337402344, 1) ),
        88: ( (-0.28719487401618354, 0.9578721753651833, 0, 0), (-0.6235426055836677, -0.18695421441389265, 0.7591065410960539, 0), (0.7271270338536171, 0.21801150743494205, 0.6509664040986947, 0), (525.9754600524902, 132.11472988128662, 486.88885498046875, 1) ),
        89: ( (-0.2776183813907907, 0.9606914355369041, 0, 0), (-0.6248604255667688, -0.1805707155534887, 0.7595680780845241, 0), (0.7297105473230286, 0.2108700603939393, 0.6504278090264763, 0), (526.6596717834473, 126.59778785705566, 485.4399719238281, 1) ),
        90: ( (-0.26791742510339467, 0.9634418785406658, 0, 0), (-0.6261182717947713, -0.17411324847486595, 0.7600397926623701, 0), (0.7322541656082919, 0.20362790422622015, 0.6498765371743632, 0), (527.278751373291, 121.04047203063965, 483.965087890625, 1) ),
        91: ( (-0.25812137295942644, 0.9661124969803158, 0, 0), (-0.6272904360966916, -0.16759649535192214, 0.7605380487045836, 0), (0.7347653132825223, 0.19631112531951025, 0.6492933670326722, 0), (527.8765296936035, 115.44588470458984, 482.47467041015625, 1) ),
        92: ( (-0.24821778138862013, 0.9687042546631615, 0, 0), (-0.6283864366449491, -0.1610157965218665, 0.7610547940267457, 0), (0.7372370170055046, 0.1889073324884921, 0.6486875985317645, 0), (528.4288368225098, 109.81372833251953, 480.96337127685547, 1) ),
        93: ( (-0.23821038553843973, 0.9712135770373208, 0, 0), (-0.6294037124235692, -0.15437438740622372, 0.7615901229010144, 0), (0.7396666674989869, 0.18141867679851834, 0.6480590132847609, 0), (528.936466217041, 104.14522647857666, 479.43170166015625, 1) ),
        94: ( (-0.2281115494635145, 0.973635003993465, 0, 0), (-0.6303278158450799, -0.14767860045358341, 0.7621534461904912, 0), (0.742059273625312, 0.17385600353947028, 0.6473964198695866, 0), (529.4202842712402, 98.44168186187744, 477.8846740722656, 1) ),
        95: ( (-0.21789430549104932, 0.9759723723725858, 0, 0), (-0.6311801843551508, -0.14091645604213332, 0.7627280821458742, 0), (0.7444015358071013, 0.16619410573769527, 0.6467193152412232, 0), (529.8344764709473, 92.70301818847656, 476.3121032714844, 1) ),
        96: ( (-0.20759154384499134, 0.9782155953183598, 0, 0), (-0.631933624724401, -0.13410548491757177, 0.7633319152620981, 0), (0.746703183913617, 0.15846125075541306, 0.6460064915635888, 0), (530.2255859375, 86.93112182617188, 474.7248229980469, 1) ),
        97: ( (-0.19718747837482056, 0.9803657982468481, 0, 0), (-0.6326000756152371, -0.1272390509270711, 0.7639550826133527, 0), (0.7489554343909762, 0.15064237633215474, 0.645269425704663, 0), (530.5653686523438, 81.12630462646484, 473.1166687011719, 1) ),
        98: ( (-0.18668579308916528, 0.9824196733874324, 0, 0), (-0.6331753473408325, -0.12032010869169056, 0.7645992747604694, 0), (0.7511573697824481, 0.14273982200405883, 0.6445059728472375, 0), (530.8576622009277, 75.29013252258301, 471.489013671875, 1) ),
        99: ( (-0.17610475314456395, 0.9843714318893515, 0, 0), (-0.6336460710799487, -0.11335973527226487, 0.7652726488147519, 0), (0.7533125330995342, 0.13476815090780844, 0.6437062784966863, 0), (531.1234703063965, 69.42291259765625, 469.8465270996094, 1) ),
        100: ( (-0.16541261204339774, 0.9862244510135512, 0, 0), (-0.6340333118163032, -0.106342026018801, 0.7659589630061568, 0), (0.755407457789656, 0.12669927278890067, 0.6428894671640941, 0), (531.3150634765625, 63.52654266357422, 468.17926025390625, 1) ),
        101: ( (-0.15464356280422836, 0.987970327734196, 0, 0), (-0.6343121474261997, -0.09928667658769938, 0.7666748042551892, 0), (0.7574519576255498, 0.11856132324225684, 0.6420356255849572, 0), (531.4773025512695, 57.600990533828735, 466.4970703125, 1) ),
        102: ( (-0.1437878365477659, 0.9896085377869943, 0, 0), (-0.6344896195210115, -0.09218987732963389, 0.7674138057384875, 0), (0.7594392541744172, 0.11034477086402461, 0.6411521276280465, 0), (531.5934448242188, 51.647454261779785, 464.7966003417969, 1) ),
        103: ( (-0.13283814133331642, 0.9911377443156475, 0, 0), (-0.6345689608754929, -0.08504868449815493, 0.7681724774805008, 0), (0.7613647365753861, 0.10204260413191858, 0.6402429576664389, 0), (531.6494140625, 45.66775417327881, 463.0753479003906, 1) ),
        104: ( (-0.12181762816478628, 0.9925525001068235, 0, 0), (-0.6345336807989151, -0.0778773797630617, 0.7689617166368039, 0), (0.7632348743342945, 0.09367309247021793, 0.6392948289693728, 0), (531.67431640625, 39.66130876541138, 461.3394775390625, 1) ),
        105: ( (-0.11070800127413159, 0.9938529762766155, 0, 0), (-0.6343982640175756, -0.07066735774569632, 0.7697694246725627, 0), (0.7650376337575644, 0.08521963444743762, 0.6383220447699357, 0), (531.6362915039062, 33.63075256347656, 459.582763671875, 1) ),
        106: ( (-0.09952147434182865, 0.9950354145179099, 0, 0), (-0.6341525337686705, -0.06342668230440998, 0.7706021151584198, 0), (0.7667763950850364, 0.07669145863149757, 0.6373165462416376, 0), (531.5508422851562, 27.576692581176758, 457.80877685546875, 1) ),
        107: ( (-0.0882702727656736, 0.9960965610551387, 0, 0), (-0.6337873894141738, -0.05616381777261905, 0.7714655990987352, 0), (0.7684542302345925, 0.06809747886177916, 0.6362710345499232, 0), (531.4315757751465, 21.498433113098145, 456.0203552246094, 1) ),
        108: ( (-0.07692870548902385, 0.9970365962550136, 0, 0), (-0.6333216525293132, -0.048865422864366036, 0.7723443887838032, 0), (0.770055620529662, 0.05941545402084933, 0.6352040184965563, 0), (531.2363243103027, 15.40058708190918, 454.20953369140625, 1) ),
        109: ( (-0.06552612911278434, 0.997850853787025, 0, 0), (-0.632734852105974, -0.041549962557935194, 0.7732530035776554, 0), (0.7715911698133449, 0.050668276149277734, 0.6340976206059558, 0), (531.003173828125, 9.280980825424194, 452.38409423828125, 1) ),
        110: ( (-0.05406372299812984, 0.9985374874563205, 0, 0), (-0.6320279143987674, -0.03421982902032547, 0.7741897175257264, 0), (0.7730574553526574, 0.041855578436311255, 0.6329536170032019, 0), (530.727783203125, 3.14068603515625, 450.5433654785156, 1) ),
        111: ( (-0.04251953227895542, 0.9990956357500411, 0, 0), (-0.6312129976243994, -0.026863175522970205, 0.7751441939606089, 0), (0.7744431812630277, 0.032958768575952986, 0.6317843608140027, 0), (530.3787879943848, -3.015909194946289, 448.6817321777344, 1) ),
        112: ( (-0.03092529134092287, 0.9995216987917166, 0, 0), (-0.6302722773959071, -0.019500681001860923, 0.7761292287928863, 0), (0.7757580052449705, 0.02400202251862579, 0.6305738816454101, 0), (529.9924926757812, -9.191720008850098, 446.8062744140625, 1) ),
        113: ( (-0.01927367984197906, 0.9998142453802851, 0, 0), (-0.6292098477600894, -0.012129442259082537, 0.7771408135674054, 0), (0.7769964560711162, 0.01497836323283331, 0.6293267481108611, 0), (529.5558547973633, -15.384590148925781, 444.9147644042969, 1) ),
        114: ( (-0.0075549316030710766, 0.999971461097002, 0, 0), (-0.6280333894101877, -0.004744884715243497, 0.7781719269255287, 0), (0.7781497187523904, 0.005879035683352393, 0.628051313305696, 0), (529.051025390625, -21.590688705444336, 443.0044250488281, 1) ),
        115: ( (0.004205322137544037, 0.9999911575937657, 0, 0), (-0.6267277630401235, 0.0026356154413084945, 0.7792338317642326, 0), (0.7792269414621406, -0.003276929283041393, 0.6267333048706057, 0), (528.506965637207, -27.81304359436035, 441.08074951171875, 1) ),
        116: ( (0.01601562486827833, 0.9998717416549378, 0, 0), (-0.6252987236771484, 0.010015834403371433, 0.780321209008786, 0), (0.7802211263019015, -0.012497331760246125, 0.6253789337442273, 0), (527.9072303771973, -34.04863739013672, 439.1409912109375, 1) ),
        117: ( (0.02788330019942774, 0.9996111851965186, 0, 0), (-0.6237504587317356, 0.017398986273776562, 0.7814298692196212, 0), (0.7811260377185861, -0.02178884362825026, 0.6239930764771399, 0), (527.2421264648438, -40.29453659057617, 437.1838684082031, 1) ),
        118: ( (0.039780273490396034, 0.9992084516461164, 0, 0), (-0.6220713798940722, 0.024765772929529268, 0.7825687540452199, 0), (0.7819493130361546, -0.031130799060957313, 0.6225641695376567, 0), (526.5361976623535, -46.553733825683594, 435.2138977050781, 1) ),
        119: ( (0.05172241414324698, 0.9986615001466685, -3.4694469519536134e-18, 0), (-0.6202670664595624, 0.03212470900913542, 0.7837325879001888, 0), (0.7826835619462333, -0.040536541488932286, 0.6210984065856817, 0), (525.7720947265625, -52.82270050048828, 433.22833251953125, 1) ),
        120: ( (0.06370849310278816, 0.9979685505598721, 0, 0), (-0.6183405308840003, 0.03947373233845641, 0.7849183475504726, 0), (0.7833238256127951, -0.050005965131171164, 0.6195992153631534, 0), (524.9431114196777, -59.098907470703125, 431.2263488769531, 1) ),
        121: ( (0.07571533459675911, 0.9971294740939618, -6.938893903907227e-18, 0), (-0.6162817927547379, 0.046796312170708614, 0.7861341215633805, 0), (0.7838775032018122, -0.05952240805210065, 0.6180559383371154, 0), (524.0719566345215, -65.3854751586914, 429.2120666503906, 1) ),
        122: ( (0.08775391186536746, 0.9961421841044206, 0, 0), (-0.6140975932689556, 0.05409816684443236, 0.7873738211836537, 0), (0.7843362779405283, -0.06909513290924794, 0.6164758435775498, 0), (523.142333984375, -71.6784896850586, 427.1830749511719, 1) ),
        123: ( (0.09982789506913195, 0.9950047192682386, 6.93889390390723e-18, 0), (-0.6117897075446495, 0.06138029051164491, 0.788635412392278, 0), (0.7846959571123702, -0.07872781319609792, 0.614861111407171, 0), (522.1467323303223, -77.97506713867188, 425.1385192871094, 1) ),
        124: ( (0.11191407194092877, 0.9937178877838522, -6.93889390390723e-18, 0), (-0.6093492237827451, 0.06862586827299276, 0.7899265875251598, 0), (0.784964180059808, -0.0884039009443431, 0.6132014239390318, 0), (521.1077919006348, -84.27898406982422, 423.0823059082031, 1) ),
        125: ( (0.12401976687780708, 0.9922797475629412, -6.938893903907228e-18, 0), (-0.6067808174461214, 0.07583830639536442, 0.7912430668653593, 0), (0.7851344706500861, -0.09812978069632297, 0.6115017654410333, 0), (520.01220703125, -90.58659362792969, 421.0125427246094, 1) ),
        126: ( (0.13614991263438467, 0.9906882462660236, 0, 0), (-0.6040903649609914, 0.08301991138252314, 0.792579664939326, 0), (0.7851993582848534, -0.1079096521372791, 0.6097683779310517, 0), (518.8477172851562, -96.89361572265625, 418.92779541015625, 1) ),
        127: ( (0.14828185742871094, 0.9889451404185631, 0, 0), (-0.6012684650825438, 0.09015384288962132, 0.7939449083592105, 0), (0.7851679588819026, -0.11772762570757143, 0.6079897059083195, 0), (517.6389770507812, -103.20489501953125, 416.83209228515625, 1) ),
        128: ( (0.16041807506797384, 0.9870491584472811, 1.3877787807814457e-17, 0), (-0.5983186243702523, 0.09724046789096207, 0.79533585052859, 0), (0.7850355819471974, -0.12758624617434616, 0.6061690233457697, 0), (516.37744140625, -109.51762580871582, 414.7243347167969, 1) ),
        129: ( (0.17257384206104612, 0.9849965832612259, -2.7755575615628907e-17, 0), (-0.5952489120604458, 0.10428908433044375, 0.7967449526544698, 0), (0.7847910560952799, -0.1374973376223281, 0.6043157125374342, 0), (515.0424690246582, -115.82535552978516, 412.60186767578125, 1) ),
        130: ( (0.1847186286976664, 0.9827914469571118, -1.3877787807814457e-17, 0), (-0.5920496707137974, 0.11127752854765138, 0.7981819961938572, 0), (0.7844464389744769, -0.14743908378809528, 0.6024163850294822, 0), (513.6627082824707, -122.13419342041016, 410.46923828125, 1) ),
        131: ( (0.19685178825428135, 0.980433258034983, -1.3877787807814457e-17, 0), (-0.588722511500148, 0.11820394527071493, 0.7996459415112391, 0), (0.7839994757103157, -0.15741173355676588, 0.6004717880338792, 0), (512.2353515625, -128.44285678863525, 408.3262023925781, 1) ),
        132: ( (0.20899777215154636, 0.9779161166662969, 0, 0), (-0.5852801181451341, 0.12508459436574354, 0.8011248514160418, 0), (0.7834329036616398, -0.16743330916119134, 0.5984972618514013, 0), (510.7292137145996, -134.74128818511963, 406.16876220703125, 1) ),
        133: ( (0.22112184110771446, 0.9752461901413072, 2.7755575615628907e-17, 0), (-0.5817110117986272, 0.13189388609957683, 0.8026308625774176, 0), (0.7827626908184576, -0.17747921406299155, 0.5964760669450457, 0), (509.1777992248535, -141.03782844543457, 404.0019226074219, 1) ),
        134: ( (0.23322261255279722, 0.9724233712709952, 0, 0), (-0.578016510538829, 0.13862945366103221, 0.8041634088431029, 0), (0.7819872930799857, -0.18754909112975165, 0.5944082871880577, 0), (507.580867767334, -147.33180236816406, 401.8258056640625, 1) ),
        135: ( (0.2453210591978648, 0.9694418899109104, 0, 0), (-0.5742089627875453, 0.14530582226531719, 0.8057110431601714, 0), (0.7810900364032877, -0.1976578865154698, 0.5923088003142858, 0), (505.90777587890625, -153.61271572113037, 399.6366882324219, 1) ),
        136: ( (0.25739197105622547, 0.9663070801954166, -1.3877787807814457e-17, 0), (-0.5702809479197697, 0.15190382048240572, 0.807282397778236, 0), (0.780082696690242, -0.207788007563136, 0.5901653414403645, 0), (504.1847229003906, -159.8872528076172, 397.4384460449219, 1) ),
        137: ( (0.26942693684192554, 0.9630208334734909, 0, 0), (-0.566232789546961, 0.15841647524575161, 0.8088786363927404, 0), (0.7789669785978376, -0.2179336932801697, 0.5879756386002917, 0), (502.41617584228516, -166.1561279296875, 395.2318115234375, 1) ),
        138: ( (0.28144223845446664, 0.9595781710802612, 0, 0), (-0.5620729601975395, 0.16485480480932324, 0.8104917524232156, 0), (0.7777301934659051, -0.22810661305087318, 0.5857500484455336, 0), (500.5799217224121, -172.41098022460938, 393.0143737792969, 1) ),
        139: ( (0.2934240780722137, 0.9559823797578444, -2.7755575615628914e-17, 0), (-0.5578008138349928, 0.17120837477038267, 0.8121243405375214, 0), (0.7763765597263297, -0.23829683590222672, 0.5834844089660803, 0), (498.68585205078125, -178.65377807617188, 390.7877502441406, 1) ),
        140: ( (0.3053606635782871, 0.952236769474393, -2.775557561562892e-17, 0), (-0.5534140811577458, 0.1774673027477981, 0.8137801983531852, 0), (0.7749114271420677, -0.2484964613759987, 0.5811727701538077, 0), (496.74648666381836, -184.8877716064453, 388.55364990234375, 1) ),
        141: ( (0.3172577310799998, 0.9483393549093966, 0, 0), (-0.5489189200034079, 0.1836354994713924, 0.8154544883659569, 0), (0.7733275834549436, -0.2587092407779856, 0.578821196401631, 0), (494.74889755249023, -191.10748291015625, 386.31085205078125, 1) ),
        142: ( (0.32911917782424316, 0.9442883917470839, 0, 0), (-0.5443201027330994, 0.18971554267788496, 0.8171435850736783, 0), (0.7716192017756701, -0.2689376248838035, 0.5764341778320715, 0), (492.6851234436035, -197.3087921142578, 384.0588684082031, 1) ),
        143: ( (0.34092349825076934, 0.9400910425806948, 2.7755575615628914e-17, 0), (-0.5396135390077228, 0.19569055239264194, 0.8188543437167708, 0), (0.7697976337064296, -0.2791666874177594, 0.5740013621727535, 0), (490.5763816833496, -203.49859619140625, 381.80035400390625, 1) ),
        144: ( (0.3526701778585479, 0.9357476933710391, -2.775557561562892e-17, 0), (-0.5348029545120414, 0.2015597307085768, 0.8205848370533527, 0), (0.7678603684879248, -0.28939580043163343, 0.5715247371707742, 0), (488.4195861816406, -209.67465209960938, 379.5351867675781, 1) ),
        145: ( (0.36437695656972335, 0.9312515414865019, 2.7755575615628914e-17, 0), (-0.5298992267077178, 0.20733717896262585, 0.822324816452953, 0), (0.7657912529244172, -0.29963621393088335, 0.5690183619582212, 0), (486.1880531311035, -215.8251190185547, 377.2610168457031, 1) ),
        146: ( (0.3760168364046439, 0.9266128310897941, -2.7755575615628914e-17, 0), (-0.5248956574241739, 0.2130011563891752, 0.8240843744387576, 0), (0.7636071552555591, -0.3098695994069616, 0.5664670721285409, 0), (483.9121398925781, -221.9611988067627, 374.98126220703125, 1) ),
        147: ( (0.38758669732829937, 0.9218332561012004, 0, 0), (-0.5197942113231302, 0.21854855021088862, 0.8258634930033436, 0), (0.7613084328503832, -0.32009370369717904, 0.5638701011086829, 0), (481.59210205078125, -228.08197212219238, 372.6962585449219, 1) ),
        148: ( (0.3991033204824919, 0.9169059600525287, 0, 0), (-0.5146071664727219, 0.2239939948384496, 0.8276509859181157, 0), (0.7588781218316718, -0.3303182566805281, 0.5612431251327459, 0), (479.20172119140625, -234.17526245117188, 370.4036865234375, 1) ),
        149: ( (0.410547457310834, 0.9118392321542262, 2.775557561562892e-17, 0), (-0.5093313283612346, 0.2293218743105, 0.8294534802582357, 0), (0.7563282245463203, -0.3405300172776407, 0.5585757997689307, 0), (476.7614097595215, -240.24847030639648, 368.1059875488281, 1) ),
        150: ( (0.4219116214115562, 0.9066369635735527, 0, 0), (-0.5039671926223632, 0.23452564137628093, 0.8312729950487854, 0), (0.7536628241317237, -0.35072373717667354, 0.555864378875479, 0), (474.2779235839844, -246.30360412597656, 365.8040466308594, 1) ),
