#usda 1.0
(
    defaultPrim = "Base_Camera"
    endTimeCode = 360
    framesPerSecond = 60
    metersPerUnit = 1
    startTimeCode = 1
    subLayers = [
        @./Base_Camera.usda@
    ]
    upAxis = "Z"
)

over "Base_Camera"
{
    float focalLength = 20
    float horizontalAperture = 15
    float verticalAperture = 15.2908
    matrix4d xformOp:transform:transform11.timeSamples = {
        1: ( (0.058643799429841346, 0.9982789714245375, 1.734723475976807e-18, 0), (-0.16823729085128053, 0.009883083009575524, 0.9856969811444324, 0), (0.9840005684731357, -0.0578050160608342, 0.1685273312040291, 0), (799.9197998046875, -72.59999084472656, 172.00001525878906, 1) ),
        2: ( (0.0760351588923961, 0.9971051371907619, 0, 0), (-0.1678723202125789, 0.01280125642212657, 0.9857256271095219, 0), (0.9828720866514896, -0.0749498046815793, 0.1683596984421737, 0), (799.7972412109375, -86.59923648834229, 172, 1) ),
        3: ( (0.09338867170028337, 0.9956297283619331, 0, 0), (-0.16745727874160554, 0.015707257811548254, 0.985754199508426, 0), (0.981446185888209, -0.09205827531506802, 0.16819232488880764, 0), (799.4296875, -100.59403133392334, 172.00001525878906, 1) ),
        4: ( (0.11069459119962655, 0.9938544699698983, -3.469446951953614e-18, 0), (-0.1669934206148916, 0.018599572660323797, 0.9857825588679235, 0), (0.9797244025492503, -0.10912079736560659, 0.1680260296257957, 0), (798.8173828125, -114.58079624176025, 172.00001525878906, 1) ),
        5: ( (0.12795044133800992, 0.9917805627059891, 0, 0), (-0.16648068041097247, 0.021477812062294693, 0.9858107762846359, 0), (0.9777079664252041, -0.12613492390138534, 0.16786039843001566, 0), (797.9602661132812, -128.5546417236328, 172, 1) ),
        6: ( (0.14515016870963446, 0.9894096363607768, 3.469446951953614e-18, 0), (-0.1659191131048131, 0.024340966950654283, 0.985838914445164, 0), (0.9753985218514927, -0.14309468475223844, 0.16769506482177884, 0), (796.8588256835938, -142.51153564453125, 172.00001525878906, 1) ),
        7: ( (0.16228760265167066, 0.9867434996115118, 3.469446951953614e-18, 0), (-0.16531006534309908, 0.027188194509804083, 0.9858668187821098, 0), (0.9727976749159271, -0.15999396255397766, 0.16753093930508067, 0), (795.5133056640625, -156.44566345214844, 172, 1) ),
        8: ( (0.17936038325958628, 0.9837834380172165, 3.469446951953615e-18, 0), (-0.16465336291258573, 0.030019096821250105, 0.9858945805245167, 0), (0.9699067599509505, -0.17683042981642638, 0.16736748815820607, 0), (793.924072265625, -170.3553009033203, 172, 1) ),
        9: ( (0.19636232367352763, 0.9805314058415124, 6.938893903907228e-18, 0), (-0.16395018636559647, 0.03283284897318222, 0.9859220762408104, 0), (0.9667275594665846, -0.1935979498516744, 0.16720544124223233, 0), (792.0916748046875, -184.23504638671875, 172.00001525878906, 1) ),
        10: ( (0.21329099084081635, 0.9769887170413704, -6.938893903907228e-18, 0), (-0.1631982693155966, 0.03562857989930711, 0.9859497599709393, 0), (0.963261791061255, -0.21029420122346668, 0.16704212287099118, 0), (790.0164794921875, -198.08082580566406, 172, 1) ),
        11: ( (0.23013666002039904, 0.9731583209913253, 0, 0), (-0.16240232018097092, 0.038405598287378, 0.9859769248922745, 0), (0.9595116487643559, -0.2269094363518919, 0.16688170534835162, 0), (787.6995239257812, -211.8871612548828, 172.00001525878906, 1) ),
        12: ( (0.24689704263817555, 0.9690417175418832, -6.938893903907227e-18, 0), (-0.1615612416900287, 0.041163339055622805, 0.98600382590605, 0), (0.9554788409588666, -0.24344142864613025, 0.16672268981345048, 0), (785.1412353515625, -225.6515827178955, 172, 1) ),
        13: ( (0.26356810995898394, 0.9646407887979074, 6.938893903907227e-18, 0), (-0.16067387311392925, 0.043900806961730036, 0.9860307427492704, 0), (0.9511654734646426, -0.2598862592278783, 0.16656342441641298, 0), (782.342529296875, -239.3686237335205, 172.00001525878906, 1) ),
        14: ( (0.28014648111366586, 0.9599572642152516, 0, 0), (-0.15974243312245445, 0.04661799247946117, 0.9860573603180005, 0), (0.9465729259701804, -0.27624049966931796, 0.16640577562902356, 0), (779.3040161132812, -253.03506469726562, 172.00001525878906, 1) ),
        15: ( (0.29662481694762416, 0.9549940931601558, 0, 0), (-0.15876588596460928, 0.0493132912539196, 0.9860839684122132, 0), (0.9417043651935894, -0.29249697662525953, 0.16624802928281954, 0), (776.02685546875, -266.6459045410156, 172, 1) ),
        16: ( (0.3129994339246649, 0.9497533123726599, 0, 0), (-0.15774656575058726, 0.051986747653605836, 0.9861102367698532, 0), (0.9365614637367561, -0.3086519458962813, 0.16609214592419488, 0), (772.5120239257812, -280.1974811553955, 172, 1) ),
        17: ( (0.32926636390182495, 0.9442370791294266, -6.938893903907227e-18, 0), (-0.15668463663168825, 0.054637740587947306, 0.986136218758362, 0), (0.931146382824133, -0.3247014870624605, 0.16593781381276543, 0), (768.7606201171875, -293.6847839355469, 172.00001525878906, 1) ),
        18: ( (0.34542130905413465, 0.9384477179104481, 0, 0), (-0.1555797481796615, 0.05726537478101633, 0.9861620651837825, 0), (0.9254615395615753, -0.34064139149531103, 0.16578414035261982, 0), (764.7737426757812, -307.105224609375, 172.00001525878906, 1) ),
        19: ( (0.3614599396599636, 0.932387640426993, 6.938893903907227e-18, 0), (-0.15443358357262466, 0.05986946992783925, 0.986187565747752, 0), (0.9195090974459865, -0.35646729800858884, 0.1656323795775551, 0), (760.5525512695312, -320.4533386230469, 172.00001525878906, 1) ),
        20: ( (0.3773780619322765, 0.9260592844803398, 0, 0), (-0.15324567284573937, 0.06244908505019214, 0.9862128956419351, 0), (0.9132916084834545, -0.372175111209972, 0.16548149283091904, 0), (756.0982666015625, -333.7262268066406, 172.00001525878906, 1) ),
        21: ( (0.3931713402966823, 0.9194652234692242, 0, 0), (-0.1520166072875396, 0.06500362570438956, 0.9862380441628023, 0), (0.9068115836700016, -0.3877605336750675, 0.16533154643300962, 0), (751.4124145507812, -346.9189758300781, 172, 1) ),
        22: ( (0.4088342365054206, 0.9126086604131203, 6.938893903907228e-18, 0), (-0.15074931415080814, 0.0675333069123649, 0.9862625901556549, 0), (0.9000717812175265, -0.4032179130401457, 0.1651850576155686, 0), (746.496337890625, -360.027587890625, 172, 1) ),
        23: ( (0.42436291188692954, 0.9054921971032363, -1.3877787807814457e-17, 0), (-0.1494396545101277, 0.07003555319656092, 0.9862873876048225, 0), (0.8930755335775019, -0.4185437877613352, 0.16503693238682862, 0), (741.35205078125, -373.0472106933594, 172, 1) ),
        24: ( (0.43975597391590554, 0.8981172993575357, 0, 0), (-0.14809209325605027, 0.07251211255550466, 0.9863116776393652, 0), (0.8858235802462671, -0.43373645238492975, 0.16489170552887392, 0), (735.9803466796875, -385.97589111328125, 172.00001525878906, 1) ),
        25: ( (0.45500708667410705, 0.8904878163548009, 0, 0), (-0.14670644551354983, 0.0749616908209752, 0.9863356242953208, 0), (0.8783198562716895, -0.44878969889350057, 0.16474840286315265, 0), (730.3831787109375, -398.8084716796875, 172.00001525878906, 1) ),
        26: ( (0.4701134235870451, 0.8826060100425713, 0, 0), (-0.14528179337956157, 0.07738324970984174, 0.9863594847603802, 0), (0.8705668093120056, -0.46370083426825615, 0.164605488435949, 0), (724.5623779296875, -411.54095458984375, 172.00001525878906, 1) ),
        27: ( (0.4850671319131838, 0.8744769165263986, 1.3877787807814457e-17, 0), (-0.14382085497498825, 0.07977657078603229, 0.9863829177494329, 0), (0.8625690924278363, -0.4784619328808753, 0.16446501017576787, 0), (718.520263671875, -424.168212890625, 172, 1) ),
        28: ( (0.4998707108236408, 0.8661000360585768, 0, 0), (-0.14232200525575867, 0.08214132198492421, 0.9864062297261452, 0), (0.8543264711342191, -0.49307558321407574, 0.16432513489253917, 0), (712.2572631835938, -436.6892395019531, 172, 1) ),
        29: ( (0.5145168483139244, 0.8574802696278825, -2.7755575615628914e-17, 0), (-0.14078727700174262, 0.08447707616301366, 0.9864291998097902, 0), (0.8458435762217152, -0.5075344429709596, 0.1641871912257988, 0), (705.7764282226562, -449.0985107421875, 172.00001525878906, 1) ),
        30: ( (0.5290036340934502, 0.8486195585278029, 0, 0), (-0.13921756678814676, 0.08678399881372095, 0.9864517254521318, 0), (0.8371222277621775, -0.5218365476219321, 0.16405180082069207, 0), (699.0790405273438, -461.39300537109375, 172, 1) ),
        31: ( (0.543324161043752, 0.8395229931491471, -1.387778780781446e-17, 0), (-0.1376122522083008, 0.0890601711811998, 0.9864741020175514, 0), (0.8281676907898918, -0.5359752138700747, 0.16391719265734636, 0), (692.1677856445312, -473.5678405761719, 172, 1) ),
        32: ( (0.5574780475943105, 0.8301916805475923, 0, 0), (-0.1359727101027701, 0.09130638469443682, 0.9864961055277104, 0), (0.8189808597017049, -0.5499499228689789, 0.16378471778117898, 0), (685.0444946289062, -485.62005615234375, 172.00001525878906, 1) ),
        33: ( (0.5714599919336203, 0.8206299273236546, 0, 0), (-0.13429904398044526, 0.09352148640259071, 0.9865178652041677, 0), (0.8095660840259831, -0.563755491291946, 0.16365360256655376, 0), (677.711669921875, -497.5452537536621, 172, 1) ),
        34: ( (0.5852683986202829, 0.8108396275321339, 1.387778780781446e-17, 0), (-0.13259112576612334, 0.09570498679817441, 0.986539481657999, 0), (0.7999253058533163, -0.577390382605661, 0.16352324339361263, 0), (670.1708984375, -509.34075927734375, 172, 1) ),
        35: ( (0.5988970855350089, 0.8008259991644079, 0, 0), (-0.13085209895854574, 0.09785763796902285, 0.9865604953013609, 0), (0.7900632943858454, -0.5908482053399599, 0.1633964170682252, 0), (662.4247436523438, -521.0026206970215, 172.00001525878906, 1) ),
        36: ( (0.6123449069250172, 0.7905907379693946, 0, 0), (-0.12908061911518764, 0.09997822628295583, 0.9865812424925552, 0), (0.7799819925689515, -0.6041279991080716, 0.16327109959158745, 0), (654.4757690429688, -532.5270385742188, 172, 1) ),
        37: ( (0.625607022757033, 0.7801383550865073, -2.775557561562892e-17, 0), (-0.12727734785587844, 0.10206600167440548, 0.986601747426475, 0), (0.769685864362764, -0.6172249818543633, 0.16314714822829735, 0), (646.3265991210938, -543.9103355407715, 172.00001525878906, 1) ),
        38: ( (0.6386821947113251, 0.7694706324212283, -1.3877787807814454e-17, 0), (-0.12544292060004936, 0.10412114051414409, 0.9866219447029159, 0), (0.7591766117512148, -0.630137868993214, 0.1630249619863057, 0), (637.9790649414062, -555.149658203125, 172.00001525878906, 1) ),
        39: ( (0.651566410655972, 0.7585915979661871, 0, 0), (-0.12357894607033568, 0.10614392584833979, 0.9866416325564451, 0), (0.7484580526609613, -0.6428625471285513, 0.1629057669524096, 0), (629.4361572265625, -566.2412109375, 172, 1) ),
        40: ( (0.6642557869660202, 0.7475053508050316, -2.775557561562892e-17, 0), (-0.1216831658937471, 0.10813132913927459, 0.9866614529800223, 0), (0.7375347155356337, -0.6553955799182816, 0.16278567874156286, 0), (620.70068359375, -577.18115234375, 172.00001525878906, 1) ),
        41: ( (0.6767468258970775, 0.7362158200135547, -1.3877787807814454e-17, 0), (-0.11976061853052863, 0.11008676566677662, 0.9866804438490779, 0), (0.726409752059687, -0.6677328585495831, 0.1626705312150501, 0), (611.7747802734375, -587.9669189453125, 172, 1) ),
        42: ( (0.6890379808884962, 0.7247252313070826, -1.3877787807814457e-17, 0), (-0.11780782316049968, 0.11200667659518045, 0.9866994583966726, 0), (0.7150859932171016, -0.679873402557416, 0.16255515617695093, 0), (602.6616821289062, -598.5946044921875, 172, 1) ),
        43: ( (0.701127115433017, 0.7130363020243617, 0, 0), (-0.11582749293563573, 0.11389293333206167, 0.9867179899126517, 0), (0.7035657466682287, -0.6918147380133223, 0.1624426310508919, 0), (593.36376953125, -609.0614013671875, 172, 1) ),
        44: ( (0.713008463678969, 0.7011554255100336, 0, 0), (-0.11382066619735588, 0.11574480548483203, 0.9867360315452499, 0), (0.6918553220641916, -0.7035511419087613, 0.16233300357700375, 0), (583.8840942382812, -619.3639526367188, 172, 1) ),
        45: ( (0.7246812019558759, 0.6890842876831448, -1.3877787807814457e-17, 0), (-0.11178610349565593, 0.11756078217305928, 0.9867539356699405, 0), (0.6799566328796607, -0.7150820281359835, 0.16222413642822386, 0), (574.2257080078125, -629.498779296875, 172, 1) ),
        46: ( (0.7361427392432949, 0.6768263200108122, 0, 0), (-0.1097255969140558, 0.11934184456084436, 0.9867714109755458, 0), (0.6678728627824554, -0.7264046094825094, 0.1621178043316976, 0), (564.3914184570312, -639.4630737304688, 172, 1) ),
        47: ( (0.7473892483233674, 0.6643864172984212, 1.3877787807814457e-17, 0), (-0.10763962425382613, 0.12108721034364826, 0.9867885278932301, 0), (0.6556088946781663, -0.7375151361162435, 0.16201358343766054, 0), (554.3842163085938, -649.2537841796875, 172, 1) ),
        48: ( (0.758418686409714, 0.6517676703431706, 1.3877787807814457e-17, 0), (-0.10552799429062966, 0.12279590788418697, 0.9868054557144965, 0), (0.6431678929529683, -0.7484116974649276, 0.16191044614880443, 0), (544.2082443237305, -658.8668212890625, 172, 1) ),
        49: ( (0.769228107673991, 0.6389742705025696, 1.3877787807814454e-17, 0), (-0.10339331292282322, 0.12446986696852959, 0.986821703784265, 0), (0.6305536782916535, -0.7590909918135939, 0.16181138693034028, 0), (533.8644981384277, -668.3013916015625, 172.00001525878906, 1) ),
        50: ( (0.7798157546612201, 0.6260090964052772, -1.387778780781446e-17, 0), (-0.10123407052576146, 0.12610667090588998, 0.9868377630177205, 0), (0.6177694163253283, -0.769551634895854, 0.1617134177555508, 0), (523.3575477600098, -677.5530395507812, 172, 1) ),
        51: ( (0.7901792397479231, 0.6128758186381595, 1.3877787807814457e-17, 0), (-0.0990515816009001, 0.12770695312982833, 0.9868534431741403, 0), (0.6048186118612376, -0.7797911034699624, 0.1616177022957075, 0), (512.6899337768555, -686.619873046875, 172, 1) ),
        52: ( (0.8003166609225997, 0.5995775531569713, 0, 0), (-0.09684583870902484, 0.12926991321098333, 0.9868688732872115, 0), (0.5917044243323234, -0.7898076014376693, 0.16152345630536022, 0), (501.86507415771484, -695.4986572265625, 172, 1) ),
        53: ( (0.8102238804274987, 0.5861205196757798, -1.3877787807814457e-17, 0), (-0.09461850526807834, 0.13079591982372302, 0.9868838664292272, 0), (0.5784328846511415, -0.7995968757895818, 0.16143182518233248, 0), (490.8867530822754, -704.1866455078125, 172.00001525878906, 1) ),
        54: ( (0.8198995029960561, 0.5725074715554551, -2.775557561562892e-17, 0), (-0.09236986638754958, 0.13228474964213316, 0.9868984511061228, 0), (0.5650067369247613, -0.8091575495694877, 0.1613426391389939, 0), (479.7583923339844, -712.6806030273438, 172, 1) ),
        55: ( (0.8293419437260319, 0.5587413895325165, -1.387778780781446e-17, 0), (-0.09009983145871733, 0.13373551834754835, 0.9869127780626935, 0), (0.5514290169621454, -0.8184881616465721, 0.16125497975745343, 0), (468.48272705078125, -720.97900390625, 172, 1) ),
        56: ( (0.8385484794031827, 0.5448269887685541, 0, 0), (-0.08780914163142513, 0.13514789779257738, 0.9869268465130531, 0), (0.5377043819205517, -0.8275860064256989, 0.16116885440990333, 0), (457.0636901855469, -729.07861328125, 172, 1) ),
        57: ( (0.8475163245031527, 0.5307693281461041, 0, 0), (-0.08549999356894557, 0.1365237900006333, 0.9869402240579584, 0), (0.5238375996436081, -0.8364479511979189, 0.16108691485166246, 0), (445.5046691894531, -736.9771118164062, 172, 1) ),
        58: ( (0.8562442155559541, 0.5165712374174242, 0, 0), (-0.08317100084657707, 0.1378603437793319, 0.9869534488673836, 0), (0.5098317643548188, -0.8450731816156963, 0.16100586874017014, 0), (433.80963134765625, -744.6717529296875, 172, 1) ),
        59: ( (0.8647310424707721, 0.5022352279434524, -1.387778780781446e-17, 0), (-0.0808240719048122, 0.13916005900496106, 0.9869660315220892, 0), (0.4956891098139411, -0.8534601653213372, 0.1609287190700855, 0), (421.981201171875, -752.1610107421875, 172.00001525878906, 1) ),
        60: ( (0.8729736608838073, 0.487767349669003, -1.3877787807814457e-17, 0), (-0.07845848697813017, 0.1404197977810146, 0.9869784932875901, 0), (0.48141588385119366, -0.8616062284988518, 0.16085227318181877, 0), (410.0238037109375, -759.4420166015625, 172.00001525878906, 1) ),
        61: ( (0.8809715645235643, 0.47316921127742806, 0, 0), (-0.07607531300630131, 0.1416410576247023, 0.986990555955805, 0), (0.46701354289987845, -0.869510614250368, 0.16077823998928137, 0), (397.9399719238281, -766.512939453125, 172, 1) ),
        62: ( (0.8887209240701393, 0.4584486003031504, 1.3877787807814457e-17, 0), (-0.07367599341296016, 0.14282385616283771, 0.9870021246711632, 0), (0.4524897425517303, -0.877169440296947, 0.1607072054844135, 0), (385.73529052734375, -773.3707885742188, 172.00001525878906, 1) ),
        63: ( (0.8962214466406802, 0.4436069415386627, -1.387778780781446e-17, 0), (-0.07126068666727307, 0.1439683415954516, 0.9870131869199945, 0), (0.43784590110790716, -0.8845823862348655, 0.1606392506395492, 0), (373.411865234375, -780.0142822265625, 172, 1) ),
        64: ( (0.9034712204870159, 0.42864875335372427, 6.938893903907228e-18, 0), (-0.06882887548064691, 0.14507194445036317, 0.9870241723653278, 0), (0.42308668101438923, -0.8917479336570895, 0.1605717383805122, 0), (360.9746398925781, -786.4407348632812, 172, 1) ),
        65: ( (0.9104682865827735, 0.41357889105590084, 6.938893903907228e-18, 0), (-0.0663827627887738, 0.14613753651841085, 0.9870345228130876, 0), (0.408216643378927, -0.8986636307836773, 0.160508101898753, 0), (348.4263000488281, -792.64892578125, 172.00001525878906, 1) ),
        66: ( (0.9172124648207258, 0.3983984116151679, 6.938893903907228e-18, 0), (-0.06392144509747247, 0.14716310232026855, 0.9870446140738143, 0), (0.393237006440314, -0.9053296233626653, 0.16044603400481738, 0), (335.7711486816406, -798.6365356445312, 172, 1) ),
        67: ( (0.9237005568269167, 0.3831152324270651, 6.93889390390723e-18, 0), (-0.061446544774931014, 0.14814918024565646, 0.9870542753707936, 0), (0.37815552812680986, -0.9117425837783908, 0.16038658756965188, 0), (323.0131530761719, -804.40185546875, 172.00001525878906, 1) ),
        68: ( (0.929931812095095, 0.3677320013998412, 0, 0), (-0.058958249770370875, 0.14909540599731955, 0.987063566693913, 0), (0.36297486088921826, -0.9179018112287183, 0.1603293962612315, 0), (310.156982421875, -809.9425048828125, 172, 1) ),
        69: ( (0.9359051219638105, 0.3522521861989008, 6.938893903907228e-18, 0), (-0.056456849548018155, 0.15000121143916778, 0.9870725711445408, 0), (0.3476984711226346, -0.9238062750841635, 0.16027395076588546, 0), (297.20556640625, -815.2575073242188, 172.00001525878906, 1) ),
        70: ( (0.9416183969926453, 0.3366820376037325, 6.93889390390723e-18, 0), (-0.05394380776685369, 0.15086781034896843, 0.9870810348720719, 0), (0.3323324541007301, -0.9294536617580818, 0.1602218168536344, 0), (284.16339111328125, -820.344970703125, 172, 1) ),
        71: ( (0.9470713961882548, 0.32102300621922686, 2.0816681711721685e-17, 0), (-0.051418882475021216, 0.15169427696033302, 0.9870891271118843, 0), (0.31687831899176966, -0.934843877776098, 0.16017195490315483, 0), (271.0341510772705, -825.2033081054688, 172, 1) ),
        72: ( (0.9522623772630266, 0.3052807967255213, 6.938893903907228e-18, 0), (-0.04888289717423103, 0.15248041924002823, 0.9870968463693108, 0), (0.3013417117048727, -0.9399751895124765, 0.16012437630717322, 0), (257.8211326599121, -829.83154296875, 172, 1) ),
        73: ( (0.9571906998059319, 0.2894580525828059, 0, 0), (-0.046335869926425265, 0.15322518536016091, 0.9871043661789293, 0), (0.2857253075301378, -0.9448471190443001, 0.1600780130764193, 0), (244.52976989746094, -834.2276000976562, 172, 1) ),
        74: ( (0.9618547033026608, 0.2735608336998381, 0, 0), (-0.04377942075965737, 0.15393081383772486, 0.9871112738031131, 0), (0.27003498301608875, -0.949457621390605, 0.16003541211492983, 0), (231.16360473632812, -838.3903198242188, 172.00001525878906, 1) ),
        75: ( (0.9662535566037944, 0.25759282666743233, 0, 0), (-0.04121363139541791, 0.15459598945972972, 0.9871177825518948, 0), (0.2542744598612304, -0.9538060681776193, 0.1599952604605219, 0), (217.72645568847656, -842.3184814453125, 172, 1) ),
        76: ( (0.9703861849741806, 0.24155879617860174, 6.93889390390723e-18, 0), (-0.03863923221868291, 0.15522091406390526, 0.9871238410507146, 0), (0.23844844672340804, -0.9578913382142624, 0.15995787704668865, 0), (204.22286987304688, -846.0108642578125, 172.00001525878906, 1) ),
        77: ( (0.9742523749631563, 0.22546021795130372, 0, 0), (-0.03605607379363742, 0.15580449555355783, 0.9871296362220563, 0), (0.22255846292881598, -0.9617133924858549, 0.15992211007897203, 0), (190.6559600830078, -849.4666748046875, 172.00001525878906, 1) ),
        78: ( (0.9778505806766163, 0.20930418502840348, 0, 0), (-0.03346546334825894, 0.15634767533800728, 0.987134979209676, 0), (0.20661148233651125, -0.9652705126263812, 0.15988912664941476, 0), (177.03158569335938, -852.68408203125, 172, 1) ),
        79: ( (0.9811804080695824, 0.19309325938625563, 0, 0), (-0.03086771485596701, 0.1568506179595259, 0.9871398420818023, 0), (0.19061004957760885, -0.9685622730755659, 0.159859101006838, 0), (163.3529052734375, -855.6627807617188, 172, 1) ),
        80: ( (0.9842407790160265, 0.17683350621962277, 0, 0), (-0.028263446317244575, 0.1573120220011537, 0.9871444196956091, 0), (0.1745602088799094, -0.9715877926425297, 0.15983083139313026, 0), (149.6238555908203, -858.4015502929688, 172, 1) ),
        81: ( (0.9870313938101961, 0.1605273423224264, 0, 0), (-0.02565316532094877, 0.15773312605850115, 0.9871485075979344, 0), (0.15846432640224595, -0.9743465673520442, 0.1598055817146915, 0), (135.84924507141113, -860.899658203125, 172, 1) ),
        82: ( (0.9895515207834714, 0.14417970632207172, -3.469446951953615e-18, 0), (-0.023037359695052145, 0.15811278093569595, 0.9871522823572163, 0), (0.14232732616542626, -0.9768380422514582, 0.15978226258549036, 0), (122.03254699707031, -863.1563110351562, 172, 1) ),
        83: ( (0.9918007080743644, 0.1277941918210266, 3.469446951953615e-18, 0), (-0.020416665398535174, 0.15845214019697604, 0.9871555495670387, 0), (0.12615274565856108, -0.9790615730401272, 0.15976207609754542, 0), (108.17879581451416, -865.1708984375, 172, 1) ),
        84: ( (0.9937780949119656, 0.11137817592843001, 3.469446951953615e-18, 0), (-0.017791984112112334, 0.15874998785220443, 0.9871584911544241, 0), (0.10994791209704097, -0.981016484715614, 0.15974389923161608, 0), (94.29216003417969, -866.9426879882812, 172, 1) ),
        85: ( (0.9954839103543176, 0.0949304178105045, 1.7347234759768067e-18, 0), (-0.015163132306445785, 0.15900756143064437, 0.987160916379157, 0), (0.09371159823807387, -0.9827028091860748, 0.15972891151404908, 0), (80.3763427734375, -868.47119140625, 172.00001525878906, 1) ),
        86: ( (0.9969173038390102, 0.0784594755677006, 1.734723475976807e-18, 0), (-0.012531138065078749, 0.15922243022250693, 0.9871632024608863, 0), (0.07745230716481298, -0.9841200782463897, 0.15971478236896908, 0), (66.43611145019531, -869.7559814453125, 172, 1) ),
        87: ( (0.9980782262917304, 0.06196655712844998, -1.734723475976807e-18, 0), (-0.009896301164199851, 0.1593969904175705, 0.98716496223736, 0), (0.061171214027685536, -0.9852678545672073, 0.15970390518366043, 0), (52.47495651245117, -870.7965698242188, 172, 1) ),
        88: ( (0.9989661503557885, 0.0454602072513554, 0, 0), (-0.0072598295877387645, 0.15953125720266523, 0.9871661829953932, 0), (0.0448767792705, -0.9861456015883258, 0.15969635922683376, 0), (38.49822521209717, -871.5926513671875, 172, 1) ),
        89: ( (0.9995811027033774, 0.02894165023456748, -8.673617379884034e-19, 0), (-0.004621718677520262, 0.15962402332340742, 0.98716706331528, 0), (0.028570243869555964, -0.9867535417011424, 0.15969091741700858, 0), (24.50992202758789, -872.1439208984375, 171.99998474121094, 1) ),
        90: ( (0.9999229365019575, 0.012414550225528809, 4.336808689942018e-19, 0), (-0.0019824501876982976, 0.15967533073214502, 0.9871675940015623, 0), (0.012255241676746827, -0.9870915194136144, 0.1596876368200325, 0), (10.513964653015137, -872.4505004882812, 172.00001525878906, 1) ),
        91: ( (0.9999915333918096, -0.004114990242686278, 1.0842021724855047e-19, 0), (0.0006571081064843252, 0.15968507924784056, 0.9871677890179295, 0), (-0.004062185819702966, -0.9871594310550417, 0.15968643125028728, 0), (-3.48529052734375, -872.5120239257812, 172, 1) ),
        92: ( (0.9997868789355899, -0.020644532163070894, 4.336808689942018e-19, 0), (0.003296696161342885, 0.15965455355989336, 0.9871674403676465, 0), (-0.020379609973006245, -0.9869570541920044, 0.15968858656143547, 0), (-17.483823776245117, -872.3284912109375, 172.00001525878906, 1) ),
        93: ( (0.9993090324526966, -0.037167965487166166, -8.673617379884035e-19, 0), (0.005935460657283924, 0.1595825697976259, 0.9871667405882208, 0), (-0.036690979344261306, -0.9864846404066971, 0.15969291241764083, 0), (-31.47665023803711, -871.9000244140625, 172, 1) ),
        94: ( (0.9985581012501112, -0.05368163957790996, -1.734723475976807e-18, 0), (0.008572983908809173, 0.1594702136771349, 0.9871655154515215, 0), (-0.052992663404210286, -0.9857421227288587, 0.15970048560768926, 0), (-45.459702491760254, -871.226806640625, 172.00001525878906, 1) ),
        95: ( (0.9975342109365075, -0.07018189233184965, 0, 0), (0.011208677434574016, 0.15931515707030167, 0.9871641435332995, 0), (-0.0692810476353166, -0.9847300049843032, 0.15970896569124485, 0), (-59.42908763885498, -870.3088989257812, 172, 1) ),
        96: ( (0.9962376125733952, -0.08666382921416448, 0, 0), (0.013842119979462728, 0.15912106222789169, 0.9871620349618099, 0), (-0.08555124200463735, -0.9834479489334479, 0.15972199826591957, 0), (-73.38040161132812, -869.1466674804688, 172, 1) ),
        97: ( (0.9946686565152133, -0.10312256661963312, 0, 0), (0.01647237296484343, 0.1588842638778828, 0.9871597903181077, 0), (-0.10179845124130213, -0.9818969024015519, 0.15973587067127282, 0), (-87.30912780761719, -867.740478515625, 172, 1) ),
        98: ( (0.9928274963787215, -0.11955568758683015, 0, 0), (0.019099376107161774, 0.15860714070250412, 0.9871570233506386, 0), (-0.11802023668285413, -0.9800766360258856, 0.159752969454426, 0), (-101.21115207672119, -866.0908813476562, 172.00001525878906, 1) ),
        99: ( (0.9907145672664577, -0.1359582517026291, -6.93889390390723e-18, 0), (0.02172233478242828, 0.15828854250833527, 0.9871539279576347, 0), (-0.1342117222065031, -0.977987776561932, 0.15977209555430183, 0), (-115.08161735534668, -864.1981201171875, 172.00001525878906, 1) ),
        100: ( (0.9883303937299182, -0.1523254175430516, 0, 0), (0.024340576120912914, 0.15792854251914873, 0.9871505010948834, 0), (-0.15036811225711072, -0.9756308434177922, 0.15979326702999885, 0), (-128.91738986968994, -862.0628662109375, 172.00001525878906, 1) ),
        101: ( (0.9856753980240122, -0.16865351976820753, -6.938893903907228e-18, 0), (0.026953765313426428, 0.15752806932266356, 0.9871465959577143, 0), (-0.16648574793547313, -0.9730061138786688, 0.15981738982068616, 0), (-142.71371459960938, -859.6858520507812, 172, 1) ),
        102: ( (0.9827504707539377, -0.18493650865341282, -3.469446951953614e-18, 0), (0.029561117021265335, 0.15708743438595588, 0.987142177357696, 0), (-0.18255862782506033, -0.9701144394993428, 0.1598446798661342, 0), (-156.46626377105713, -857.067626953125, 172, 1) ),
        103: ( (0.9795557064617351, -0.2011731044107316, -3.469446951953614e-18, 0), (0.03216229038611882, 0.15660520412450057, 0.9871374763011698, 0), (-0.1985855105876813, -0.9669561479730466, 0.15987370916369434, 0), (-170.1708221435547, -854.2092895507812, 172, 1) ),
        104: ( (0.9760921398344107, -0.21735715896533342, -6.938893903907228e-18, 0), (0.03475666935263066, 0.15608278983503457, 0.9871322792072116, 0), (-0.21456026773145379, -0.9635320587109861, 0.15990579522698878, 0), (-183.82350158691406, -851.1116333007812, 172, 1) ),
        105: ( (0.9723606636335956, -0.23348391768606588, 0, 0), (0.03734356294006313, 0.1555199690098817, 0.9871266370360527, 0), (-0.23047819446744877, -0.9598431118787757, 0.15994062165032688, 0), (-197.41969299316406, -847.7753295898438, 172.00001525878906, 1) ),
        106: ( (0.9683617006153853, -0.24955083005527923, 0, 0), (0.03992242362709198, 0.15491571808298535, 0.9871207222941741, 0), (-0.24633679561327793, -0.955889901353474, 0.1599771221688526, 0), (-210.9552001953125, -844.2017211914062, 172.00001525878906, 1) ),
        107: ( (0.9640959422528119, -0.2655541642145023, 6.938893903907227e-18, 0), (0.042492703943777486, 0.15427000954296718, 0.987114549719109, 0), (-0.26213237923463273, -0.9516731319229045, 0.16001520469268132, 0), (-224.4263916015625, -840.3917236328125, 172, 1) ),
        108: ( (0.9595650734682714, -0.28148689095556667, 6.93889390390723e-18, 0), (0.04505397508259375, 0.15358520165328426, 0.9871077576244536, 0), (-0.2778578937318285, -0.9471941279660094, 0.16005709867926185, 0), (-237.82887268066406, -836.3465576171875, 172.00001525878906, 1) ),
        109: ( (0.9547693737191346, -0.29734734404055363, -6.938893903907227e-18, 0), (0.04760577035579689, 0.15286005561839525, 0.9871005490957708, 0), (-0.29351172657459956, -0.942453373057983, 0.16010154894574805, 0), (-251.15850830078125, -832.0673828125, 172, 1) ),
        110: ( (0.9497103193609374, -0.313129860120919, 6.938893903907228e-18, 0), (0.0501469055840395, 0.1520935553664219, 0.9870931254326243, 0), (-0.3090883322930384, -0.9374525273936035, 0.1601473125708122, 0), (-264.41085624694824, -827.5557861328125, 172.00001525878906, 1) ),
        111: ( (0.9443885331431063, -0.32883171755141255, 0, 0), (0.0526777071894599, 0.15128778632559375, 0.987085135575429, 0), (-0.32458490050073724, -0.9321918832734436, 0.1601965515422757, 0), (-277.58239555358887, -822.8128662109375, 172, 1) ),
        112: ( (0.9388057314973243, -0.34444709101366194, -1.3877787807814457e-17, 0), (0.05519696026544228, 0.15044174855978662, 0.9870767831672109, 0), (-0.33999572656906896, -0.9266733414653192, 0.16024800820063528, 0), (-290.6693115234375, -817.8400268554688, 172, 1) ),
        113: ( (0.9329625839458385, -0.35997335589888346, 6.938893903907227e-18, 0), (0.057704331058527056, 0.14955546272250228, 0.9870680694597238, 0), (-0.35531820546404896, -0.9208975766135743, 0.16030167264583942, 0), (-303.66705322265625, -812.6389770507812, 172, 1) ),
        114: ( (0.9268607081151105, -0.37540541785162884, 0, 0), (0.060199069914533, 0.14862905519095987, 0.9870590032690385, 0), (-0.3705472975664257, -0.9148662067213361, 0.16035748833631758, 0), (-316.572021484375, -807.2111206054688, 172.00001525878906, 1) ),
        115: ( (0.9205011806671344, -0.39073978091616374, -6.93889390390723e-18, 0), (0.06268060401879466, 0.14766239022028085, 0.9870496240788872, 0), (-0.38567955386596614, -0.9085803443416668, 0.16041521001989628, 0), (-329.3797607421875, -801.558349609375, 172.00001525878906, 1) ),
        116: ( (0.9138851784649573, -0.405972758423608, 6.938893903907228e-18, 0), (0.06514883569961206, 0.14665652831316153, 0.9870397620714759, 0), (-0.4007112548819388, -0.9020410091126998, 0.16047588008758262, 0), (-342.08697509765625, -795.6821899414062, 172.00001525878906, 1) ),
        117: ( (0.9070154118789897, -0.421097426510762, 0, 0), (0.0676026451836541, 0.14561153121602882, 0.9870294647785832, 0), (-0.4156355675085562, -0.8952509365328454, 0.16053920287239365, 0), (-354.6889343261719, -789.5846557617188, 172, 1) ),
        118: ( (0.8998924064620357, -0.4361119773544019, 0, 0), (0.0700419923589631, 0.14452769089183246, 0.9870186755436099, 0), (-0.43045066627704653, -0.8882106111579103, 0.16060552334256165, 0), (-367.18206787109375, -783.2677001953125, 172, 1) ),
        119: ( (0.8925167557987007, -0.45101423549436054, 0, 0), (0.07246531984829385, 0.14340237422444538, 0.9870078705289419, 0), (-0.44515460015352754, -0.8809210625522752, 0.16067191264786576, 0), (-379.56353759765625, -776.7327270507812, 172.00001525878906, 1) ),
        120: ( (0.8848921387208356, -0.4657959884220403, -1.3877787807814457e-17, 0), (0.07487325730554843, 0.14223986130612878, 0.9869963612881612, 0), (-0.4597389456751762, -0.8733853210499635, 0.160742597975551, 0), (-391.8282165527344, -769.9822387695312, 172.00001525878906, 1) ),
        121: ( (0.8770193073347525, -0.4804551327252846, 0, 0), (0.07726442518630211, 0.14103792017818606, 0.9869845559442366, 0), (-0.4742017958239943, -0.8656045116043127, 0.16081506872043447, 0), (-403.97283935546875, -763.0181884765625, 172, 1) ),
        122: ( (0.868899831958547, -0.4949879614924071, 0, 0), (0.07963865563499772, 0.13979736858654002, 0.9869723300401736, 0), (-0.48853942169599673, -0.8575800917196424, 0.16089008588185502, 0), (-415.9936828613281, -755.8426513671875, 172, 1) ),
        123: ( (0.8605358036048236, -0.5093899593770969, 0, 0), (0.08199512196938234, 0.13851811736116929, 0.9869597413957387, 0), (-0.5027473825764054, -0.8493141941875909, 0.16096729128632487, 0), (-427.8876647949219, -748.4575805664062, 172.00001525878906, 1) ),
        124: ( (0.8519282462824593, -0.5236585368215563, 0, 0), (0.0843337916845633, 0.1372007409413491, 0.9869466896774362, 0), (-0.5168230594373647, -0.8408077625111768, 0.16104729657696992, 0), (-439.65057373046875, -740.8654174804688, 172, 1) ),
        125: ( (0.8430801656988313, -0.5377879081991628, -1.3877787807814457e-17, 0), (0.08665261047828275, 0.13584369616062825, 0.9869335414863141, 0), (-0.5307609248075165, -0.832064093690016, 0.16112785199735669, 0), (-451.2783203125, -733.0689086914062, 172, 1) ),
        126: ( (0.8339930311197287, -0.5517749759129416, 0, 0), (0.08895260987963266, 0.13444947664902898, 0.9869198404249476, 0), (-0.5445576711784796, -0.823084269188201, 0.16121175073671246, 0), (-462.7680969238281, -725.0698852539062, 172, 1) ),
        127: ( (0.8246686755657752, -0.5656161026178359, 1.3877787807814454e-17, 0), (0.0912323131889838, 0.13301677681760685, 0.9869058729763656, 0), (-0.5582098535235449, -0.8138703591755045, 0.16129723458496695, 0), (-474.11590576171875, -716.8711547851562, 172, 1) ),
        128: ( (0.815110533226863, -0.5793054622758351, 0, 0), (0.09349221243260332, 0.13154802102006224, 0.9868912424275342, 0), (-0.571711487410456, -0.8044254468520288, 0.16138672690106137, 0), (-485.3188133239746, -708.4749755859375, 172, 1) ),
        129: ( (0.8053188252640856, -0.5928419601169211, 0, 0), (0.09573012708473128, 0.13004017710057664, 0.9868765348856927, 0), (-0.5850618193350292, -0.7947502517548375, 0.16147663884292407, 0), (-496.3726463317871, -699.88427734375, 172.00001525878906, 1) ),
        130: ( (0.7952981483911936, -0.6062184879773455, 2.7755575615628914e-17, 0), (0.09794641444430364, 0.12849591953062015, 0.9868613370486682, 0), (-0.5982535875889451, -0.7848489940736635, 0.1615694941457542, 0), (-507.27435302734375, -691.1015014648438, 172.00001525878906, 1) ),
        131: ( (0.7850479075946607, -0.619435051301785, 0, 0), (0.10014041258419507, 0.1269140666154967, 0.986845842805544, 0), (-0.6112869052652053, -0.7747212640129818, 0.16166410404729786, 0), (-518.0209274291992, -682.1290283203125, 172, 1) ),
        132: ( (0.7745730920528486, -0.6324844069759264, -1.3877787807814454e-17, 0), (0.1023115566347386, 0.1252960197931424, 0.9868299006429493, 0), (-0.6241545244942682, -0.7643718874712147, 0.16176138969799578, 0), (-528.6085243225098, -672.9701538085938, 172, 1) ),
        133: ( (0.7638744199492608, -0.6453649127022482, 1.387778780781446e-17, 0), (0.10445926931635635, 0.12364131081010561, 0.9868136031262701, 0), (-0.6368548748349763, -0.7538016686861195, 0.16186078180012664, 0), (-539.0344848632812, -663.627197265625, 172.00001525878906, 1) ),
        134: ( (0.7529548910344173, -0.6580721328755297, 1.3877787807814457e-17, 0), (0.10658260329256325, 0.12194999368480425, 0.9867970144440326, 0), (-0.6493836160103894, -0.7430136384837948, 0.1619618852827532, 0), (-549.2955932617188, -654.1029663085938, 172.00001525878906, 1) ),
        135: ( (0.7418169548891638, -0.6706024197980264, 0, 0), (0.10868118954656902, 0.12022257406623978, 0.986780082755844, 0), (-0.6617371113045657, -0.7320101961352172, 0.1620650124992121, 0), (-559.3880004882812, -644.4009399414062, 172, 1) ),
        136: ( (0.7304637096350063, -0.6829515128515825, 0, 0), (0.11075441307034707, 0.11845947758723979, 0.9867627942698292, 0), (-0.6739111431722347, -0.7207944112321439, 0.16217024340118266, 0), (-569.3091430664062, -634.5237426757812, 172, 1) ),
        137: ( (0.7188964629502161, -0.6951171667838945, 0, 0), (0.11280202365898515, 0.1166608734427675, 0.9867451261931869, 0), (-0.6859034764572245, -0.7093675810536467, 0.16227771237601193, 0), (-579.0562133789062, -624.4743041992188, 172, 1) ),
        138: ( (0.7071195984614914, -0.7070939636792688, -1.3877787807814457e-17, 0), (0.11482336293031088, 0.11482752570365355, 0.9867270314864952, 0), (-0.6977087277632645, -0.6977340222958299, 0.16238770068527084, 0), (-588.62548828125, -614.256103515625, 172, 1) ),
        139: ( (0.6951345389160325, -0.7188796650385897, 1.3877787807814457e-17, 0), (0.11681697144048744, 0.11295842062174838, 0.9867087667564896, 0), (-0.7093248677365451, -0.6858953436236794, 0.16249864493554242, 0), (-598.0149536132812, -603.8715209960938, 172.00001525878906, 1) ),
        140: ( (0.6829458202366815, -0.7304690319385527, -1.3877787807814457e-17, 0), (0.11878334744193611, 0.11105548230279504, 0.9866900203310977, 0), (-0.7207465039746878, -0.6738558252543694, 0.16261243426939445, 0), (-607.2210083007812, -593.3244018554688, 172, 1) ),
        141: ( (0.6705542946686954, -0.74186045716251, 0, 0), (0.12072176562080066, 0.1091182278492608, 0.9866709013933842, 0), (-0.7319721259766419, -0.6616164103539667, 0.16272840054387164, 0), (-616.240966796875, -582.6179809570312, 172, 1) ),
        142: ( (0.6579633533298201, -0.7530499489907547, 1.3877787807814454e-17, 0), (0.12263047447353939, 0.10714609079141908, 0.9866516517791432, 0), (-0.7429979760439277, -0.649180629373011, 0.16284507374031434, 0), (-625.0724487304688, -571.7550048828125, 172, 1) ),
        143: ( (0.645178284221301, -0.764032055328347, -1.3877787807814457e-17, 0), (0.12451056001508382, 0.10514154336553612, 0.9866318342236091, 0), (-0.753818348154241, -0.6365534339625032, 0.16296509962736408, 0), (-633.7122192382812, -560.739501953125, 172, 1) ),
        144: ( (0.6321981660820553, -0.7748067364204354, 0, 0), (0.12635955287925998, 0.10310219806074172, 0.9866119805431095, 0), (-0.7644336087579088, -0.6237342847339382, 0.1630852533149546, 0), (-642.1580810546875, -549.5740966796875, 172, 1) ),
        145: ( (0.619029672456745, -0.7853675984009622, 1.3877787807814457e-17, 0), (0.1281786976646359, 0.10103092792830262, 0.9865915938558082, 0), (-0.7748370706691136, -0.6107294711931389, 0.1632085381744963, 0), (-650.407470703125, -538.2623329162598, 172, 1) ),
        146: ( (0.6056738916049615, -0.7957129740227322, 0, 0), (0.1299662136464454, 0.09892655387840342, 0.9865709909824786, 0), (-0.7850273373192221, -0.5975402914529212, 0.16333303325368737, 0), (-658.4573364257812, -526.8082885742188, 172, 1) ),
        147: ( (0.5921361658849147, -0.8058379248031907, 0, 0), (0.13172244549587367, 0.0967907086973607, 0.9865499257830033, 0), (-0.7949993449077172, -0.5841718905071946, 0.16346022126973506, 0), (-666.3052978515625, -515.2155876159668, 172, 1) ),
        148: ( (0.578418062538645, -0.8157404887150326, 0, 0), (0.1334449988111615, 0.09462200140317911, 0.9865288182018536, 0), (-0.8047515002914436, -0.5706260876628553, 0.16358756327194962, 0), (-673.9492797851562, -503.48715591430664, 172, 1) ),
