#usda 1.0
(
    defaultPrim = "Base_Camera"
    endTimeCode = 300
    framesPerSecond = 60
    metersPerUnit = 1
    startTimeCode = 1
    subLayers = [
        @./Base_Camera.usda@
    ]
    upAxis = "Z"
)

over "Base_Camera"
{
    float focalLength = 20
    float horizontalAperture = 15
    float verticalAperture = 15.2908
    matrix4d xformOp:transform:transform11.timeSamples = {
        1: ( (0.8089095604393784, 0.587933094007959, 6.938893903907228e-18, 0), (-0.06553621779661989, 0.090168207353889, 0.9937679299210154, 0), (0.5842690537643471, -0.8038683793711596, 0.11146883627498727, 0), (366.7018127441406, -571.65185546875, 91.30235290527344, 1) ),
        2: ( (0.8088916197866752, 0.5879577769184525, 6.938893903907228e-18, 0), (-0.06554604596361924, 0.09017594353119246, 0.9937665797695122, 0), (0.5842927890171364, -0.803849458399625, 0.1114808724993023, 0), (366.7164001464844, -571.6365966796875, 91.3107385635376, 1) ),
        3: ( (0.8088368430716723, 0.588033129415215, 6.938893903907228e-18, 0), (-0.06557739503159879, 0.09020140281376791, 0.9937622010276392, 0), (0.5843650969648347, -0.8037914814431523, 0.11151989871185311, 0), (366.7598571777344, -571.5909423828125, 91.33575344085693, 1) ),
        4: ( (0.8087463776686986, 0.5881575440371046, -6.938893903907228e-18, 0), (-0.06562875297900213, 0.09024285547433761, 0.9937550471913382, 0), (0.5844845279305345, -0.8036957947059814, 0.11158362864569814, 0), (366.8321533203125, -571.51513671875, 91.37734985351562, 1) ),
        5: ( (0.8086207815802232, 0.5883302062588567, 0, 0), (-0.06570024767650476, 0.09030062550080013, 0.9937450752025945, 0), (0.5846502450626655, -0.8035629194018197, 0.11167240263641606, 0), (366.9329528808594, -571.409423828125, 91.43534851074219, 1) ),
        6: ( (0.8084588617200712, 0.5885526900000431, 1.387778780781446e-17, 0), (-0.06579322545114494, 0.09037613294592323, 0.9937320595001832, 0), (0.5848636767581157, -0.8033914896782601, 0.11178816539117357, 0), (367.06219482421875, -571.2738037109375, 91.50971984863281, 1) ),
        7: ( (0.8082617928931092, 0.588823296201175, 6.93889390390723e-18, 0), (-0.06590462194862239, 0.09046548979939933, 0.9937165470903481, 0), (0.5851234527473889, -0.8031831179787945, 0.11192597571089592, 0), (367.2196044921875, -571.1087036132812, 91.60028076171875, 1) ),
        8: ( (0.8080292612450707, 0.5891423537412205, 6.938893903907228e-18, 0), (-0.06603741841257288, 0.09057261980163325, 0.9936979721785043, 0), (0.5854295622371218, -0.8029370383601216, 0.11209076718592137, 0), (367.4049987792969, -570.9142456054688, 91.70697021484375, 1) ),
        9: ( (0.8077616875234067, 0.589509165466779, 0, 0), (-0.06619005266999127, 0.09069543235963193, 0.9936766151402795, 0), (0.5857814721351999, -0.8026538994982589, 0.11227993820516997, 0), (367.6181640625, -570.6906127929688, 91.8296127319336, 1) ),
        10: ( (0.8074601153378057, 0.5899221661699597, 1.3877787807814454e-17, 0), (-0.0663616678398421, 0.0908329997427662, 0.9936526028744881, 0), (0.5861776959081367, -0.802334845322745, 0.11249224329150387, 0), (367.85894775390625, -570.4380493164062, 91.96815490722656, 1) ),
        11: ( (0.8071229397293177, 0.5903834009884629, 0, 0), (-0.06655420647253436, 0.09098735955232869, 0.9936256025296986, 0), (0.5866200625306941, -0.8019780173040849, 0.11273048388742715, 0), (368.1271057128906, -570.15673828125, 92.1224594116211, 1) ),
        12: ( (0.806751455783871, 0.5908909278289902, -1.3877787807814463e-17, 0), (-0.06676565523681556, 0.09115606116439408, 0.9935959539942743, 0), (0.5871068351428074, -0.8015849823458449, 0.11299150501789092, 0), (368.4224853515625, -569.846923828125, 92.29241943359375, 1) ),
        13: ( (0.8063461582281177, 0.5914438883873561, 1.3877787807814454e-17, 0), (-0.06699673371666762, 0.09134012525442813, 0.9935634952985155, 0), (0.5876370570190865, -0.8011561073896585, 0.11327656778962138, 0), (368.744873046875, -569.5087280273438, 92.47791290283203, 1) ),
        14: ( (0.8059065247643492, 0.592042796884017, 0, 0), (-0.06724685699870192, 0.09153845146057224, 0.9935283449041585, 0), (0.5882113001006063, -0.8006909756965861, 0.11358445259807086, 0), (369.0941162109375, -569.1423950195312, 92.67886352539062, 1) ),
        15: ( (0.8054329398386082, 0.5926869151777665, 0, 0), (-0.06751752712901186, 0.09175306384120592, 0.9934901905938149, 0), (0.5888286363224194, -0.8001897249107955, 0.11391769482334718, 0), (369.46990966796875, -568.7481689453125, 92.89508819580078, 1) ),
        16: ( (0.8049248057312418, 0.5933768255657804, 0, 0), (-0.06780698223592226, 0.09198121607029448, 0.9934493792087683, 0), (0.5894898389951941, -0.7996520485634406, 0.11427305434665198, 0), (369.8721618652344, -568.3262329101562, 93.12654876708984, 1) ),
        17: ( (0.8043828639316651, 0.5941112759518139, 6.938893903907228e-18, 0), (-0.06811576828705278, 0.09222372809852056, 0.993405771115849, 0), (0.5901935702155326, -0.7990785792164109, 0.11465153253980216, 0), (370.3006591796875, -567.876708984375, 93.37310028076172, 1) ),
        18: ( (0.8038077285860775, 0.594889179146243, 6.93889390390723e-18, 0), (-0.06844370974569036, 0.0924803892813178, 0.9933593691079898, 0), (0.5909387396858818, -0.7984699381523923, 0.11505287395530973, 0), (370.7551574707031, -567.3999633789062, 93.63462829589844, 1) ),
        19: ( (0.8031985351145919, 0.5957114344964125, 6.938893903907228e-18, 0), (-0.06879117645168456, 0.09275123651354925, 0.993310113795083, 0), (0.5917261927886637, -0.7978252283147194, 0.11547734770247865, 0), (371.23553466796875, -566.8960571289062, 93.91101837158203, 1) ),
        20: ( (0.8025564672601739, 0.5965761618258555, 0, 0), (-0.06915694049791948, 0.09303480997742887, 0.9932581948886356, 0), (0.5925541616087399, -0.7971457879670408, 0.11592307055357477, 0), (371.7415466308594, -566.365234375, 94.20218658447266, 1) ),
        21: ( (0.8018808666383604, 0.5974839543613804, 1.387778780781446e-17, 0), (-0.06954288400522336, 0.09333323127353922, 0.9932032497048507, 0), (0.5934230051182277, -0.7964306826213616, 0.11639288971291979, 0), (372.2729797363281, -565.8078002929688, 94.50796508789062, 1) ),
        22: ( (0.8011715174191568, 0.5984347914988614, 0, 0), (-0.06994708714818045, 0.09364364295932542, 0.993145645478442, 0), (0.5943329072798935, -0.7956800038061913, 0.11688339003985454, 0), (372.8296813964844, -565.223876953125, 94.82827758789062, 1) ),
        23: ( (0.8004288483984268, 0.5994277760093941, 0, 0), (-0.07037256371471574, 0.09397000337223625, 0.9930847600997813, 0), (0.5952825891354346, -0.7948936908886959, 0.11739957094282678, 0), (373.4084167480469, -564.6112060546875, 95.16413116455078, 1) ),
        24: ( (0.7996527713859113, 0.6004626926086511, 0, 0), (-0.07081875949353954, 0.09431130025596748, 0.9930206855588785, 0), (0.5962718746667729, -0.7940717432506947, 0.11794031563538844, 0), (374.0092468261719, -563.9705200195312, 95.51522064208984, 1) ),
        25: ( (0.7988438548446912, 0.6015384406477061, 0, 0), (-0.07128361266733299, 0.09466473309521703, 0.9929537929194414, 0), (0.5972998762279861, -0.7932150356184239, 0.11850217351126956, 0), (374.634521484375, -563.3037719726562, 95.88058471679688, 1) ),
        26: ( (0.798001784044905, 0.6026550859829766, 0, 0), (-0.07176755921865535, 0.09503054338224415, 0.9928839878194593, 0), (0.5983665850504569, -0.7923231936295482, 0.11908562772949467, 0), (375.28399658203125, -562.6111450195312, 96.2601089477539, 1) ),
        27: ( (0.7971259405611236, 0.6038130794248697, -6.938893903907228e-18, 0), (-0.07227167365677364, 0.09540970178131165, 0.9928110565424068, 0), (0.5994723013379291, -0.7913954472458489, 0.11969213009697009, 0), (375.9575500488281, -561.8928833007812, 96.65367889404297, 1) ),
        28: ( (0.7962181276372029, 0.6050096637425776, 6.938893903907228e-18, 0), (-0.07279364847349863, 0.09579949869381055, 0.9927353830663694, 0), (0.6006145002943432, -0.790433907944306, 0.12031815826411531, 0), (376.6549377441406, -561.1492309570312, 97.06118774414062, 1) ),
        29: ( (0.7952769853404495, 0.6062462507824741, 0, 0), (-0.07333494356876134, 0.09620116044627343, 0.99265669935812, 0), (0.6017944022999657, -0.7894370273435266, 0.1209656034558711, 0), (377.3760681152344, -560.3802490234375, 97.48257446289062, 1) ),
        30: ( (0.794302911421284, 0.607521921339199, 6.93889390390723e-18, 0), (-0.07389485071825845, 0.09661362496215604, 0.9925751147943405, 0), (0.6030111408133337, -0.7884053034854598, 0.12163322527583424, 0), (378.12054443359375, -559.5863037109375, 97.91761016845703, 1) ),
        31: ( (0.7932965266055855, 0.6088354628924908, -6.938893903907228e-18, 0), (-0.07447380595432557, 0.09703740203631545, 0.9924905011297186, 0), (0.6042634136717124, -0.7873392672352426, 0.12232172810780616, 0), (378.88836669921875, -558.7675170898438, 98.36627960205078, 1) ),
        32: ( (0.792256817850417, 0.6101877863162546, 6.93889390390723e-18, 0), (-0.07507353279512631, 0.09747412113265254, 0.9924025193353129, 0), (0.6055518964078886, -0.786237661995332, 0.12303348981852025, 0), (379.67669677734375, -557.9222412109375, 98.82930755615234, 1) ),
        33: ( (0.7911839422843087, 0.6115782611174629, 6.938893903907228e-18, 0), (-0.07569506881659895, 0.0979248720325202, 0.9923109270759165, 0), (0.6068757912689466, -0.7851004712557208, 0.12377004486439806, 0), (380.4825439453125, -557.0485229492188, 99.30760192871094, 1) ),
        34: ( (0.7900789674543066, 0.613005077618723, 2.0816681711721685e-17, 0), (-0.07633503749143958, 0.09838533122124384, 0.992216351735682, 0), (0.6082336617102979, -0.7839292706706068, 0.12452594648639835, 0), (381.310791015625, -556.1505126953125, 99.79920196533203, 1) ),
        35: ( (0.7889409968768477, 0.61446896052361, 6.93889390390723e-18, 0), (-0.07699509525167372, 0.09885704747514142, 0.9921184604026292, 0), (0.6096259990798879, -0.7827229271699736, 0.12530347372805223, 0), (382.1613464355469, -555.2282104492188, 100.30404663085938, 1) ),
        36: ( (0.7877700426307156, 0.6159694472403648, 6.938893903907228e-18, 0), (-0.07767386010088785, 0.09933794664184263, 0.9920175118484603, 0), (0.6110524784260581, -0.781481677599278, 0.12610018313226143, 0), (383.0339660644531, -554.2821044921875, 100.82197380065918, 1) ),
        37: ( (0.7865671751580909, 0.6175047197907244, -1.3877787807814454e-17, 0), (-0.07837109611086174, 0.0998277903088017, 0.9919134960148712, 0), (0.6125112654133009, -0.7802065965616035, 0.126915784769098, 0), (383.9284973144531, -553.3121948242188, 101.3529281616211, 1) ),
        38: ( (0.785330652700987, 0.6190765428670688, 6.938893903907228e-18, 0), (-0.07908754401841009, 0.10032664503302392, 0.9918062939291894, 0), (0.6140040116394825, -0.7788958841643573, 0.12775083296184936, 0), (384.8447570800781, -552.3187255859375, 101.89675903320312, 1) ),
        39: ( (0.7840628540903074, 0.62068143264944, 6.938893903907228e-18, 0), (-0.0798231168641833, 0.10083488491634061, 0.9916958182819948, 0), (0.6155271812437272, -0.7775518536716037, 0.12860561419317867, 0), (385.7815246582031, -551.3012084960938, 102.45369911193848, 1) ),
        40: ( (0.782760580077304, 0.6223229662137197, -1.3877787807814457e-17, 0), (-0.08058308582121619, 0.10135776184768379, 0.991581045801481, 0), (0.6170836576644799, -0.776170554605227, 0.1294875654541442, 0), (386.7311096191406, -550.2543334960938, 103.02618598937988, 1) ),
        41: ( (0.7814262105807765, 0.6239976581825991, 0, 0), (-0.08136251436559987, 0.10188948700418002, 0.991462895772773, 0), (0.6186705251371487, -0.7747550935751615, 0.13038913415567807, 0), (387.7015686035156, -549.1843872070312, 103.61128997802734, 1) ),
        42: ( (0.7800592751901892, 0.6257056234282673, 0, 0), (-0.08216114716922734, 0.10242926147677413, 0.9913414105590259, 0), (0.6202878953240932, -0.7733050621866936, 0.1313095872769418, 0), (388.6928405761719, -548.0915565490723, 104.20891571044922, 1) ),
        43: ( (0.7786597753539192, 0.6274463755937906, 0, 0), (-0.08297820908318448, 0.10297580184894192, 0.9912167275883286, 0), (0.6219353431532344, -0.7718205944309748, 0.13224749127709468, 0), (389.70458984375, -546.9761390686035, 104.81889915466309, 1) ),
        44: ( (0.777228311518569, 0.6292186835862349, 1.387778780781446e-17, 0), (-0.0838136459834717, 0.10352893238749636, 0.9910888118154005, 0), (0.623611597487532, -0.7703022837722285, 0.13320272930513666, 0), (390.7367248535156, -545.8382530212402, 105.44117546081543, 1) ),
        45: ( (0.7757633216406412, 0.6310239843279168, 0, 0), (-0.08466865341915454, 0.10408928574282357, 0.990957435877917, 0), (0.6253179094870593, -0.7687484320611456, 0.13417660108328905, 0), (391.7890319824219, -544.6781005859375, 106.07561302185059, 1) ),
        46: ( (0.7742659938086474, 0.6328603090979144, -1.3877787807814454e-17, 0), (-0.08554844413199672, 0.10466330430653689, 0.9908214049152511, 0), (0.6270515405754955, -0.7671593197635871, 0.13517745212041876, 0), (392.8514709472656, -543.4888916015625, 106.72536659240723, 1) ),
        47: ( (0.772735181946702, 0.6347285550389216, -1.3877787807814457e-17, 0), (-0.08644902748165617, 0.10524531226747272, 0.9906815784565685, 0), (0.6288138867974157, -0.7655345097798824, 0.13619842182199465, 0), (393.93255615234375, -542.277042388916, 107.38745498657227, 1) ),
        48: ( (0.7711726256288542, 0.6366260923656044, -1.3877787807814457e-17, 0), (-0.08736691957879997, 0.1058313153869222, 0.9905386181501382, 0), (0.6306027298101481, -0.7638762669456192, 0.13723427397415958, 0), (395.03302001953125, -541.0433921813965, 108.0614242553711, 1) ),
        49: ( (0.7695778331873461, 0.638553019464061, 0, 0), (-0.08830430883062863, 0.10642348650706861, 0.9903920388218116, 0), (0.6324178268428353, -0.7621837592424877, 0.13828813918183747, 0), (396.1527099609375, -539.788272857666, 108.74716186523438, 1) ),
        50: ( (0.7679494537664581, 0.6405104499224027, 1.3877787807814457e-17, 0), (-0.08926092659988484, 0.10702070486652321, 0.9902419177718152, 0), (0.6342602962840482, -0.7604557398495154, 0.1393590481009306, 0), (397.2913818359375, -538.5117835998535, 109.44453620910645, 1) ),
        51: ( (0.7662889303887429, 0.6424961285203797, -1.387778780781446e-17, 0), (-0.09023932331945593, 0.10762616531980622, 0.9900876087828796, 0), (0.6361274555390005, -0.7586931747253809, 0.14045115497780558, 0), (398.4446105957031, -537.2111167907715, 110.15486717224121, 1) ),
        52: ( (0.7645954090447123, 0.6445105588489214, 0, 0), (-0.0912411851380559, 0.10824119219543943, 0.9899287299834837, 0), (0.6380195189822581, -0.7568949622268343, 0.14156662584552565, 0), (399.6087646484375, -535.884090423584, 110.87915992736816, 1) ),
        53: ( (0.7628689806083881, 0.6465531056498907, 0, 0), (-0.09226248786723767, 0.10886064803126398, 0.989766130276623, 0), (0.6399363653974248, -0.7550618788448364, 0.14269900965752677, 0), (400.79119873046875, -534.5361938476562, 111.61481666564941, 1) ),
        54: ( (0.7611105891839319, 0.6486221327029228, 1.3877787807814457e-17, 0), (-0.09330169859620592, 0.10948271298498032, 0.9896000851841673, 0), (0.6418765177751486, -0.7531951038909908, 0.14384599891373007, 0), (401.9916687011719, -533.1677894592285, 112.36168670654297, 1) ),
        55: ( (0.7593192855245352, 0.650718235975072, 0, 0), (-0.09436065621467955, 0.11010889521359836, 0.9894301884183522, 0), (0.6438402668280732, -0.7512934237462294, 0.1450100074009519, 0), (403.2101135253906, -531.7788696289062, 113.11975288391113, 1) ),
        56: ( (0.757495242000255, 0.6528406837406621, -1.3877787807814457e-17, 0), (-0.0954403555150568, 0.11074005802338666, 0.9892561741470894, 0), (0.6458266771248573, -0.7493568450357959, 0.1461924140024491, 0), (404.44268798828125, -530.3673057556152, 113.88994598388672, 1) ),
        57: ( (0.7556387141392706, 0.6549886515764602, 0, 0), (-0.09654510175293897, 0.11138088632443982, 0.9890770149432737, 0), (0.6478342203229652, -0.7473848837564435, 0.14739965573536162, 0), (405.6833190917969, -528.9292030334473, 114.67410469055176, 1) ),
        58: ( (0.7537491402654389, 0.6571622581593618, 0, 0), (-0.09766873322568201, 0.11202366354067161, 0.9888940880382575, 0), (0.6498638719756641, -0.7453780686724119, 0.1486219453613195, 0), (406.94110107421875, -527.4712524414062, 115.4690990447998, 1) ),
        59: ( (0.7518272040787367, 0.6593601862465989, 0, 0), (-0.09881124455270819, 0.11266828551856031, 0.9887073355590384, 0), (0.6519142529175861, -0.7433370717454892, 0.14985928270129592, 0), (408.21588134765625, -525.993595123291, 116.27483367919922, 1) ),
        60: ( (0.7498726051633853, 0.6615822518972813, 1.387778780781446e-17, 0), (-0.0999725443478032, 0.11331421310035193, 0.9885167573117183, 0), (0.6539851423404849, -0.7412616360530001, 0.15111128519712036, 0), (409.5074462890625, -524.496452331543, 117.09118461608887, 1) ),
        61: ( (0.7478857225286999, 0.6638274971991779, 0, 0), (-0.10115679089477242, 0.11396593236378394, 0.9883213394014746, 0), (0.6560748811634202, -0.7391514190088042, 0.15238415299392286, 0), (410.8083190917969, -522.9750442504883, 117.92036437988281, 1) ),
        62: ( (0.7458659550857182, 0.6660960719326225, 2.7755575615628914e-17, 0), (-0.10236421752711243, 0.1146230822994328, 0.9881210026986773, 0), (0.6581835184917133, -0.7370058154181065, 0.15367785795540143, 0), (412.1190185546875, -521.429931640625, 118.76203727722168, 1) ),
        63: ( (0.743813375106352, 0.6683873600038358, 1.387778780781446e-17, 0), (-0.10359073410347544, 0.11528071620446045, 0.9879166545206582, 0), (0.6603110046188843, -0.7348256211227867, 0.15498607589299854, 0), (413.44580078125, -519.865966796875, 119.6140308380127, 1) ),
        64: ( (0.7417285975347085, 0.6707001473081652, 1.387778780781446e-17, 0), (-0.1048355006697766, 0.11593778411370227, 0.9877084326936375, 0), (0.6624561913051397, -0.7326115905550569, 0.1563075557542826, 0), (414.7884521484375, -518.283203125, 120.47622680664062, 1) ),
        65: ( (0.7396104776834787, 0.6730351709240882, 0, 0), (-0.10610005656855231, 0.11659526412738101, 0.987495986006635, 0), (0.6646195297288265, -0.7303623779208851, 0.15764414870455465, 0), (416.14599609375, -516.681453704834, 121.3487548828125, 1) ),
        66: ( (0.7374614069978814, 0.6753892752988494, -1.3877787807814454e-17, 0), (-0.10739051652337037, 0.11726031832310453, 0.9872777191386464, 0), (0.6667967832477514, -0.7280792158536453, 0.15900536246426436, 0), (417.50518798828125, -515.0520706176758, 122.23554420471191, 1) ),
        67: ( (0.735279080345931, 0.6777644679426931, 0, 0), (-0.10870057717348251, 0.11792483111396751, 0.9870551751188451, 0), (0.6689909255945058, -0.7257610214120763, 0.1603810502244763, 0), (418.8795471191406, -513.4044189453125, 123.13225746154785, 1) ),
        68: ( (0.7330644699077864, 0.6801591600197825, 1.387778780781446e-17, 0), (-0.11002860821555129, 0.1185870427061199, 0.9868286673361114, 0), (0.6712005574587709, -0.7234090339105538, 0.16176891334132892, 0), (420.2689208984375, -511.738826751709, 124.03875732421875, 1) ),
        69: ( (0.7308166556322327, 0.6825738171439911, 1.3877787807814457e-17, 0), (-0.11137539483940198, 0.11924716643369376, 0.9865980107023844, 0), (0.6734259701517947, -0.7210222586349303, 0.16316974375814208, 0), (421.673095703125, -510.055419921875, 124.95492553710938, 1) ),
        70: ( (0.7285371680822291, 0.6850062734915103, 1.387778780781446e-17, 0), (-0.11274808630089232, 0.11991302076937967, 0.9863613620197462, 0), (0.675663720913157, -0.7186009133915963, 0.16459423900778283, 0), (423.0796813964844, -508.3463439941406, 125.88441467285156, 1) ),
        71: ( (0.7262248954643462, 0.687457199546124, 1.387778780781446e-17, 0), (-0.11414095043967831, 0.12057768811786944, 0.9861201065594782, 0), (0.6779153668715043, -0.716144971301447, 0.16603353709152646, 0), (424.4974670410156, -506.61773681640625, 126.82433319091797, 1) ),
        72: ( (0.7238804734016803, 0.6899254019296284, 0, 0), (-0.1155524971729053, 0.12123947911226617, 0.9858745402441895, 0), (0.6801798884301601, -0.7136553289066278, 0.1674854945907493, 0), (425.92938232421875, -504.87192153930664, 127.77363014221191, 1) ),
        73: ( (0.7215033519074158, 0.6924109424224633, 0, 0), (-0.11698185231715075, 0.12189697387489519, 0.9856248647373865, 0), (0.6824574414678267, -0.7111316436313176, 0.16894858984735134, 0), (427.375244140625, -503.1091079711914, 128.7321605682373, 1) ),
        74: ( (0.7190944672102941, 0.6949123306054823, -1.3877787807814457e-17, 0), (-0.11843639767843964, 0.12255784584031985, 0.9853691664183201, 0), (0.6847451839425361, -0.7085735157310336, 0.1704335819962284, 0), (428.82330322265625, -501.32187271118164, 129.70330810546875, 1) ),
        75: ( (0.7166535698030968, 0.6974293232209826, -1.387778780781446e-17, 0), (-0.11991166804962956, 0.1232169656588732, 0.9851085073429097, 0), (0.6870435595753979, -0.7059815284306964, 0.17193379179388935, 0), (430.28033447265625, -499.51507568359375, 130.68484497070312, 1) ),
        76: ( (0.7141807160483313, 0.6999613595225759, 0, 0), (-0.12140448586755641, 0.12387075581930672, 0.9848436356417134, 0), (0.68935249012093, -0.7033563328982408, 0.17344455406847462, 0), (431.7506103515625, -497.6918029785156, 131.6753387451172, 1) ),
        77: ( (0.7116744533403995, 0.7025094109424042, 1.3877787807814457e-17, 0), (-0.12291614227355344, 0.1245197245712253, 0.9845742532492375, 0), (0.6916726786791793, -0.7006963434541832, 0.17496725361823062, 0), (433.2340087890625, -495.8522605895996, 132.67465209960938, 1) ),
        78: ( (0.7091381565819028, 0.7050695532212554, 1.3877787807814457e-17, 0), (-0.12445203256191799, 0.12517018292822932, 0.984298794521725, 0), (0.693999111289653, -0.6980038326729252, 0.17651029177665273, 0), (434.71697998046875, -493.988224029541, 133.6865692138672, 1) ),
        79: ( (0.7065694676277248, 0.7076436867635247, 1.387778780781446e-17, 0), (-0.12600871904496894, 0.1258174349569347, 0.9840181785848794, 0), (0.6963342517361325, -0.6952772005787217, 0.17806803254513826, 0), (436.2091064453125, -492.1061134338379, 134.70809936523438, 1) ),
        80: ( (0.703968131189326, 0.710231561020635, 0, 0), (-0.12758312917962542, 0.12645799194110693, 0.9837331555980808, 0), (0.6986783347281802, -0.6925167911353595, 0.17963596125787856, 0), (437.7136535644531, -490.2082824707031, 135.7381591796875, 1) ),
        81: ( (0.7013348174817833, 0.7128320095140185, 0, 0), (-0.12917434571703582, 0.127090906367336, 0.9834438926178274, 0), (0.7010302862190545, -0.6897234429326985, 0.1812128860558632, 0), (439.23046875, -488.29501724243164, 136.776611328125, 1) ),
        82: ( (0.698672051985363, 0.7154420757647416, -2.7755575615628907e-17, 0), (-0.1307922406128605, 0.12772645924559703, 0.9831476701920472, 0), (0.7033852099454678, -0.6868978001377065, 0.18281317949193257, 0), (440.7420654296875, -486.3555603027344, 137.82833862304688, 1) ),
        83: ( (0.6959765243257786, 0.718064535809567, 0, 0), (-0.13242861215550664, 0.12835504416795082, 0.9828467048930926, 0), (0.7057473629210209, -0.6840382336165388, 0.18442438743504128, 0), (442.265380859375, -484.40097427368164, 138.88827323913574, 1) ),
        84: ( (0.6932485979677211, 0.7206985371261614, -1.3877787807814457e-17, 0), (-0.1340814535572565, 0.12897456412593017, 0.9825414625452198, 0), (0.708116194722139, -0.6811454913546278, 0.18604374318826314, 0), (443.8002624511719, -482.43151092529297, 139.95626831054688, 1) ),
        85: ( (0.6904898855873404, 0.7233420476521337, 0, 0), (-0.1357546229481889, 0.12958902965990324, 0.9822308108280863, 0), (0.7104888459714035, -0.6782204401890458, 0.18767694120482734, 0), (445.341064453125, -480.4439392089844, 141.03378295898438, 1) ),
        86: ( (0.6877014088520755, 0.7259936447813234, 0, 0), (-0.13745089609011468, 0.1302011051592938, 0.9819139083337821, 0), (0.7128632571727168, -0.6752635781325897, 0.1893279604830649, 0), (446.8807373046875, -478.43420028686523, 142.12266540527344, 1) ),
        87: ( (0.6848804368038671, 0.7286554654178778, 0, 0), (-0.1391646739434952, 0.13080415532658987, 0.9815923117442893, 0), (0.7152426027646458, -0.6722733712307466, 0.19098830729786045, 0), (448.43133544921875, -476.41015625, 143.21929931640625, 1) ),
        88: ( (0.6820279677367374, 0.7313260908957754, -1.3877787807814457e-17, 0), (-0.14089470792071085, 0.13139710520969014, 0.9812662645900201, 0), (0.717625621410519, -0.669251036246951, 0.19265647660421073, 0), (449.99273681640625, -474.3720397949219, 144.32354736328125, 1) ),
        89: ( (0.6791463245541696, 0.7340029086076993, 2.775557561562892e-17, 0), (-0.1426483001064273, 0.13198730902163075, 0.9809336433897938, 0), (0.7200081473992563, -0.6661974785397089, 0.1943429629958975, 0), (451.5514831542969, -472.31195068359375, 145.43901252746582, 1) ),
        90: ( (0.6762336802702388, 0.7366871857635156, 0, 0), (-0.14442054293784226, 0.13256920595987354, 0.9805957946109638, 0), (0.7223923563034892, -0.6631119030472913, 0.19604052538006653, 0), (453.1153259277344, -470.2350769042969, 146.56329536437988, 1) ),
        91: ( (0.6732898104315805, 0.7393786791414845, 2.7755575615628914e-17, 0), (-0.14620906569745817, 0.13314026615038868, 0.9802533237063162, 0), (0.7247784077060261, -0.6599945744931525, 0.19774585043110254, 0), (454.68939208984375, -468.1446533203125, 147.69489860534668, 1) ),
        92: ( (0.6703147960369621, 0.7420768654350612, 1.387778780781446e-17, 0), (-0.14801530368448065, 0.13370157826095722, 0.9799057902909443, 0), (0.7271654172807703, -0.6568453499543124, 0.19946087875641152, 0), (456.26934814453125, -466.03857421875, 148.83479499816895, 1) ),
        93: ( (0.6673122319087024, 0.744778077782252, 1.3877787807814457e-17, 0), (-0.14984484422412514, 0.13425918461102643, 0.9795514248915317, 0), (0.729548427319581, -0.6536666476137176, 0.20119395118385144, 0), (457.8442077636719, -463.910400390625, 149.98582458496094, 1) ),
        94: ( (0.664277459109049, 0.7474860917232011, -1.3877787807814457e-17, 0), (-0.15169060501693674, 0.13480471514736742, 0.9791923453150728, 0), (0.731932659244839, -0.6504554031249271, 0.20293435114925018, 0), (459.4285888671875, -461.7694091796875, 151.143798828125, 1) ),
        95: ( (0.6612121517032137, 0.7501989672346971, -4.163336342344337e-17, 0), (-0.1535515651316143, 0.13533764402838416, 0.9788287076677298, 0), (0.7343162855920041, -0.6472134359458556, 0.2046811203934599, 0), (461.0223693847656, -459.6157531738281, 152.30864143371582, 1) ),
        96: ( (0.6581193412681137, 0.7529136289434694, 0, 0), (-0.15543522211000424, 0.13586541942193942, 0.9784582155273235, 0), (0.7366945258222284, -0.6439422762612161, 0.2064449574755602, 0), (462.6100769042969, -457.44073486328125, 153.48423767089844, 1) ),
        97: ( (0.6549965050287266, 0.755631906684831, -2.775557561562892e-17, 0), (-0.15733582187270434, 0.13638176542143682, 0.9780825390610819, 0), (0.739070373885866, -0.6406406447146317, 0.2082175467721853, 0), (464.2026062011719, -455.25091552734375, 154.66763496398926, 1) ),
        98: ( (0.6518434826222884, 0.7583535284831517, 0, 0), (-0.1592503360494522, 0.13688377486273007, 0.9777024918897701, 0), (0.7414441345313773, -0.6373089972819175, 0.20999485077623695, 0), (465.8038635253906, -453.0491027832031, 155.85751342773438, 1) ),
        99: ( (0.6486616861786018, 0.7610768797460169, 1.3877787807814454e-17, 0), (-0.16118400501168412, 0.13737625101788728, 0.977316469821656, 0), (0.7438129693762582, -0.6339477492446339, 0.21178413022541653, 0), (467.4053649902344, -450.83062744140625, 157.05596923828125, 1) ),
        100: ( (0.6454522445390051, 0.7638006284493096, 0, 0), (-0.1631378345612891, 0.13786016607579307, 0.9769240612986294, 0), (0.746175211967145, -0.6305578281093609, 0.21358693418791277, 0), (469.0037536621094, -448.5937805175781, 158.26373291015625, 1) ),
        101: ( (0.6422119342923753, 0.766527123755217, 2.775557561562892e-17, 0), (-0.16510562457265418, 0.1383288330358098, 0.9765271459029825, 0), (0.7485345444179043, -0.6271373872593671, 0.21539436695181974, 0), (470.6103210449219, -446.34552001953125, 159.47769165039062, 1) ),
        102: ( (0.6389425289525738, 0.7692544733023587, 0, 0), (-0.16708819741161046, 0.13878340538468198, 0.9761253509030332, 0), (0.750888792685993, -0.6236880002807025, 0.21720796330804792, 0), (472.2225341796875, -444.084716796875, 160.69827270507812, 1) ),
        103: ( (0.635648910235563, 0.7719782787853173, -1.3877787807814457e-17, 0), (-0.16909235029640457, 0.1392310783202362, 0.9757163952199543, 0), (0.7532318633645148, -0.6202130633205359, 0.21903770474276282, 0), (473.82470703125, -441.80267333984375, 161.929443359375, 1) ),
        104: ( (0.6323241639088977, 0.7747039123025735, -1.3877787807814454e-17, 0), (-0.17111044300212458, 0.1396627357745178, 0.9753027922299792, 0), (0.7555708888201889, -0.616707522654835, 0.22087205225742368, 0), (475.434513092041, -439.50982666015625, 163.16647338867188, 1) ),
        105: ( (0.6289707547055897, 0.7774289612080842, 1.3877787807814457e-17, 0), (-0.17314064817628455, 0.14007762713705327, 0.9748849031166442, 0), (0.7579037575274166, -0.6131740932643615, 0.22270928511234386, 0), (477.05169677734375, -437.2063903808594, 164.40919494628906, 1) ),
        106: ( (0.6255934883382984, 0.7801492083881898, 0, 0), (-0.1751921319451714, 0.1404847377586115, 0.9744597248534184, 0), (0.7602239829505676, -0.6096156585162285, 0.22456234020556562, 0), (478.6582946777344, -434.8826599121094, 165.6619415283203, 1) ),
        107: ( (0.622187309617317, 0.7828684127943628, -1.3877787807814457e-17, 0), (-0.17725779137645925, 0.14087622711914963, 0.9740295498746501, 0), (0.762536967725175, -0.6060288251242749, 0.22642092653062476, 0), (480.26910400390625, -432.5471496582031, 166.92091369628906, 1) ),
        108: ( (0.6187518147818665, 0.7855865271910834, 0, 0), (-0.1793349501800294, 0.14124965492275857, 0.9735951471880537, 0), (0.7648432305695547, -0.6024137641854267, 0.22828160103668452, 0), (481.8867530822754, -430.20172119140625, 168.1852264404297, 1) ),
        109: ( (0.6152923826463285, 0.7882989812611736, 1.3877787807814454e-17, 0), (-0.18143005579210053, 0.14161191878414028, 0.9731542525794918, 0), (0.7671365059183922, -0.5987743987520425, 0.23015386307088279, 0), (483.4973487854004, -427.83892822265625, 169.45822143554688, 1) ),
        110: ( (0.6118071552039046, 0.7910069562534234, 2.7755575615628914e-17, 0), (-0.18354015642878205, 0.14195978945904086, 0.9727077819956222, 0), (0.7694186219603757, -0.5951095809474415, 0.23203355542928913, 0), (485.107177734375, -425.4626159667969, 170.73812866210938, 1) ),
        111: ( (0.6082924176772091, 0.7937130051828657, -1.3877787807814457e-17, 0), (-0.18566156180418864, 0.14228886204727959, 0.9722569949379226, 0), (0.7716930212622408, -0.591416558054367, 0.23391523206982548, 0), (486.723388671875, -423.0769958496094, 172.02305603027344, 1) ),
        112: ( (0.604754006669532, 0.796412325003291, 1.3877787807814454e-17, 0), (-0.18779846915075413, 0.1426043684907234, 0.971800251631988, 0), (0.7739536978410148, -0.5877000958569042, 0.23580557866175425, 0), (488.3351402282715, -420.6766662597656, 173.31539916992188, 1) ),
        113: ( (0.6011909362551963, 0.7991054111721435, 1.3877787807814454e-17, 0), (-0.18995046952432693, 0.14290542776820714, 0.9713376641734189, 0), (0.7762011835162894, -0.5839593997443532, 0.23770389596749675, 0), (489.942081451416, -418.2615051269531, 174.61520385742188, 1) ),
        114: ( (0.5976000407465971, 0.8017943572386036, -1.387778780781446e-17, 0), (-0.1921129786469215, 0.14318724350062423, 0.9708707518172027, 0), (0.7784386904150339, -0.5801924008456397, 0.23960380478176796, 0), (491.55474853515625, -415.8377380371094, 175.91964721679688, 1) ),
        115: ( (0.5939848933955356, 0.8044761938167556, 1.3877787807814457e-17, 0), (-0.1942886012319097, 0.1434529635279556, 0.9703984679946661, 0), (0.7806624660179597, -0.5764020305630029, 0.2415094476694545, 0), (493.1651611328125, -413.4013366699219, 177.23049926757812, 1) ),
        116: ( (0.5903485212816177, 0.8071484519099367, 0, 0), (-0.19647939076224935, 0.14370506134818134, 0.9699199473918508, 0), (0.7828693840138996, -0.5725908067043236, 0.24342410655354008, 0), (494.76715087890625, -410.9493713378906, 178.54904174804688, 1) ),
        117: ( (0.5866838182773865, 0.809816088609918, 0, 0), (-0.19867991052436973, 0.14393674089820888, 0.9694372118779175, 0), (0.7850658510758796, -0.5687531250447204, 0.2453395447667776, 0), (496.3744468688965, -408.4893798828125, 179.87188720703125, 1) ),
        118: ( (0.5829950703013519, 0.8124756907159264, 1.3877787807814463e-17, 0), (-0.2008919755850704, 0.14415081308585886, 0.9689494090158749, 0), (0.7872478403589617, -0.5648927288276634, 0.24725906003175444, 0), (497.98089599609375, -406.0185546875, 181.20030212402344, 1) ),
        119: ( (0.5792872441623591, 0.8151234806768722, 1.3877787807814457e-17, 0), (-0.2031181039607068, 0.14435080018204646, 0.9684554106050575, 0), (0.7894107451727439, -0.5610138659035296, 0.2491869131190272, 0), (499.5761070251465, -403.5317687988281, 182.53652954101562, 1) ),
        120: ( (0.5755519749526543, 0.8177652010987623, 0, 0), (-0.20535343839785375, 0.14452996639426438, 0.9679571551221943, 0), (0.7915616776134871, -0.5571096523001317, 0.2511154034458028, 0), (501.17614364624023, -401.03759765625, 183.876708984375, 1) ),
        121: ( (0.5717927239304633, 0.8203981233889928, -1.3877787807814457e-17, 0), (-0.20759837938994882, 0.14468980297587214, 0.9674542747796767, 0), (0.7936976714939057, -0.5531833150544423, 0.25304589743864614, 0), (502.77613067626953, -398.5339660644531, 185.2217559814453, 1) ),
        122: ( (0.5680164961480498, 0.8230171687782051, 2.7755575615628914e-17, 0), (-0.20985753069854354, 0.14483602991493896, 0.9669448491240794, 0), (0.7958122120907685, -0.5492406251678643, 0.2549856049905783, 0), (504.36280059814453, -396.0144348144531, 186.57447814941406, 1) ),
        123: ( (0.5642141583852516, 0.8256284778746565, 1.3877787807814457e-17, 0), (-0.2121236834127196, 0.1449600985401777, 0.9664316389515827, 0), (0.7979134830375049, -0.5452744138079465, 0.2569238938544987, 0), (505.95367431640625, -393.4881896972656, 187.93081665039062, 1) ),
        124: ( (0.560388234908848, 0.8282300563102898, -1.3877787807814457e-17, 0), (-0.21439804418808261, 0.14506373034288558, 0.9659140711198546, 0), (0.7999990655144984, -0.5412868813884748, 0.2588629120068544, 0), (507.544921875, -390.9536437988281, 189.29144287109375, 1) ),
        125: ( (0.5565472066811651, 0.8308159884928747, -1.3877787807814454e-17, 0), (-0.21668589476897462, 0.14515359734427638, 0.9653898985312538, 0), (0.8020613628292796, -0.5372850513857826, 0.2608109349966283, 0), (509.1212730407715, -388.40338134765625, 190.65960693359375, 1) ),
        126: ( (0.5526804613881917, 0.8333932490725705, 2.7755575615628907e-17, 0), (-0.21898021809336862, 0.14522086434634776, 0.9648619407160178, 0), (0.804109427679788, -0.5332603425708348, 0.262757369749584, 0), (510.7012939453125, -385.84710693359375, 192.03102111816406, 1) ),
        127: ( (0.5487914065826577, 0.8359593244058159, 0, 0), (-0.22128102636084218, 0.145266787702782, 0.9643299579310015, 0), (0.8061406201362888, -0.5292159940227494, 0.2647031020535892, 0), (512.281494140625, -383.283447265625, 193.40621948242188, 1) ),
        128: ( (0.5448884592876173, 0.8385085371868116, 1.3877787807814457e-17, 0), (-0.2235939533868075, 0.14529818047615353, 0.9637915660344706, 0), (0.8081474561885503, -0.5251589014909226, 0.26665674047513355, 0), (513.8457641601562, -380.7046203613281, 194.7886505126953, 1) ),
        129: ( (0.5409620674037012, 0.8410469913330131, 0, 0), (-0.22591176347099445, 0.14530661886607488, 0.9632496361998455, 0), (0.8101382084284995, -0.5210815146245316, 0.2686077779232487, 0), (515.4132652282715, -378.1204528808594, 196.1739501953125, 1) ),
        130: ( (0.5370131193722998, 0.8435738910267625, 0, 0), (-0.22823587333220238, 0.14529332829588332, 0.962703606972048, 0), (0.8121116276389096, -0.516984467011024, 0.27055824719089316, 0), (516.9803466796875, -375.52960205078125, 197.5626983642578, 1) ),
        131: ( (0.5330532853543756, 0.8460816715736765, 0, 0), (-0.2305699857492801, 0.1452650406421937, 0.9621515211435248, 0), (0.814058767316269, -0.5128780293542659, 0.2725150461189279, 0), (518.5308876037598, -372.92431640625, 198.95823669433594, 1) ),
        132: ( (0.5290694616720473, 0.8485785200710951, 1.3877787807814457e-17, 0), (-0.23290854550821208, 0.14521319580482114, 0.9615959323922911, 0), (0.8159896532158353, -0.5087510422968198, 0.27446905619140427, 0), (520.0841636657715, -370.314453125, 200.35623168945312, 1) ),
        133: ( (0.5250648327046962, 0.8510622312479795, 1.3877787807814457e-17, 0), (-0.23525154722619637, 0.14513899190040808, 0.9610366187392726, 0), (0.8179019690552591, -0.5046065314414231, 0.27642108718798214, 0), (521.6361083984375, -367.69830322265625, 201.75741577148438, 1) ),
        134: ( (0.5210510870043517, 0.8535254915534647, 0, 0), (-0.2376032154268884, 0.1450494623758455, 0.9604714287698941, 0), (0.8197868483638824, -0.500454681997176, 0.2783785812822498, 0), (523.171272277832, -365.06878662109375, 203.1648712158203, 1) ),
        135: ( (0.5170142849243782, 0.8559767690680243, -1.3877787807814457e-17, 0), (-0.23995796127291874, 0.144935818637352, 0.9599030082761826, 0), (0.8216546756429238, -0.49628356742067, 0.280332329035263, 0), (524.7087478637695, -362.43536376953125, 204.5744171142578, 1) ),
        136: ( (0.5129594480379345, 0.8584128404611719, 0, 0), (-0.24231677434044574, 0.1448005819079195, 0.9593306897792697, 0), (0.8235017823549983, -0.49209774111502513, 0.282284657124029, 0), (526.2435913085938, -359.7960205078125, 205.98690795898438, 1) ),
        137: ( (0.5088948978107449, 0.8608286606417048, 4.163336342344338e-17, 0), (-0.24468207161737565, 0.1446483644480705, 0.9587531144624917, 0), (0.8253221594088098, -0.4879045682101231, 0.2842401546377154, 0), (527.7618370056152, -357.1445007324219, 207.4050750732422, 1) ),
        138: ( (0.5048089113141501, 0.8632311179851098, 1.3877787807814457e-17, 0), (-0.2470495557425874, 0.14447210564669566, 0.9581723893420224, 0), (0.8271242228741779, -0.48369396071502424, 0.28619167056816974, 0), (529.2819137573242, -354.48974609375, 208.82498168945312, 1) ),
        139: ( (0.500707654049983, 0.86561645384995, 0, 0), (-0.2494190542054543, 0.14427409385661571, 0.9575881793553579, 0), (0.8289040840622148, -0.4794717308310156, 0.2881403802990669, 0), (530.7979125976562, -351.82928466796875, 210.24766540527344, 1) ),
        140: ( (0.49659687732179036, 0.8679813024681158, 0, 0), (-0.2517949166497612, 0.14405905862052265, 0.9569985933002768, 0), (0.8306568854729289, -0.4752425130342635, 0.2900925583693787, 0), (532.2977256774902, -349.15802001953125, 211.6753387451172, 1) ),
        141: ( (0.49246736331173313, 0.8703309118219285, 1.3877787807814454e-17, 0), (-0.25417039653982326, 0.14381957864030756, 0.9564064712884963, 0), (0.83239011622891, -0.47099897316972456, 0.29203880166424223, 0), (533.7989540100098, -346.4841613769531, 213.10438537597656, 1) ),
        142: ( (0.4883225522899157, 0.8726632139176388, 1.3877787807814457e-17, 0), (-0.25654739789833075, 0.14355810824503604, 0.9558109134074072, 0), (0.8341010235916619, -0.4667440247416607, 0.29398213859229255, 0), (535.2943153381348, -343.8047790527344, 214.5360565185547, 1) ),
        143: ( (0.4841714241607622, 0.8749731607461678, -2.7755575615628914e-17, 0), (-0.25892852721947346, 0.1432795877679157, 0.9552104362500499, 0), (0.8357834945834319, -0.46248559729240957, 0.2959273939313315, 0), (536.7744140625, -341.11590576171875, 215.9720458984375, 1) ),
        144: ( (0.48000064724584574, 0.8772681338356986, -1.387778780781446e-17, 0), (-0.26130886942073844, 0.14297615702125324, 0.9546075074529267, 0), (0.8374467466087767, -0.4582122214431483, 0.2978665921423727, 0), (538.2554321289062, -338.42523193359375, 217.40899658203125, 1) ),
