#usda 1.0
(
    defaultPrim = "Base_Camera"
    endTimeCode = 200
    framesPerSecond = 60
    metersPerUnit = 1
    startTimeCode = 1
    subLayers = [
        @./Base_Camera.usda@
    ]
    upAxis = "Z"
)

over "Base_Camera"
{
    float focalLength = 20
    float horizontalAperture = 15
    float verticalAperture = 15.2908
    matrix4d xformOp:transform:transform11.timeSamples = {
        1: ( (0.20430967346968268, 0.977572846516922, 0.05107726577954413, 0), (-0.25255862125829065, 0.0022288653829688476, 0.9675790277735541, 0), (0.9457651400611163, -0.21058575904345278, 0.24734982905445863, 0), (362.68353271484375, -247.19061279296875, 141.87410068511963, 1) ),
        2: ( (0.2021020485431749, 0.9780602919033509, 0.05052551213579379, 0), (-0.25242003613288516, 0.0021730223880144506, 0.9676153178471154, 0), (0.9462763271546664, -0.20831068953760692, 0.2473211864985319, 0), (363.0867919921875, -245.35772705078125, 141.848970413208, 1) ),
        3: ( (0.19989377258532337, 0.9785423520020519, 0.04997344314633082, 0), (-0.25228147715591054, 0.002118063936959097, 0.9676515747360672, 0), (0.9467822009129865, -0.2060348978776447, 0.24729149781363227, 0), (363.4900207519531, -243.52488899230957, 141.82383728027344, 1) ),
        4: ( (0.1976843791431014, 0.9790191221998588, 0.049421094785775325, 0), (-0.25214230725215864, 0.002063694943444265, 0.9676879652329766, 0), (0.9472830322223473, -0.20375794347754506, 0.24726010056909092, 0), (363.8932800292969, -241.69200134277344, 141.79870700836182, 1) ),
        5: ( (0.19547368942026289, 0.9794906400986982, 0.048868422355065694, 0), (-0.25200318154463824, 0.0020100558935431667, 0.9677243182677001, 0), (0.9477786836787429, -0.20147964074403973, 0.24722767063951803, 0), (364.2965393066406, -239.85915756225586, 141.77356147766113, 1) ),
        6: ( (0.19326229172338, 0.9799567806848378, 0.048315572930845034, 0), (-0.2518635232867313, 0.001957030141757639, 0.9677607843215278, 0), (0.948269187644216, -0.19920059744597376, 0.24719358758217372, 0), (364.69976806640625, -238.02627182006836, 141.74844360351562, 1) ),
        7: ( (0.19098630144551956, 0.9804307712436514, 0.04774657536137997, 0), (-0.2517199771990803, 0.0019032612654212994, 0.967798238619729, 0), (0.9487682992907466, -0.19685497300077115, 0.24715750821249602, 0), (365.08563232421875, -236.18972778320312, 141.71876907348633, 1) ),
        8: ( (0.18869013416103778, 0.9809030531839373, 0.04717238095241046, 0), (-0.25157472018982524, 0.0018498606568650364, 0.96783611121768, 0), (0.9492661341434765, -0.1944885042103516, 0.2471194615936174, 0), (365.466064453125, -234.35206413269043, 141.68768405914307, 1) ),
        9: ( (0.1863922320683577, 0.9813697350201969, 0.046598058017089446, 0), (-0.251429391084295, 0.0017969147473950384, 0.9678739754722053, 0), (0.9497584941044519, -0.19212031200208673, 0.24708012585528757, 0), (365.84649658203125, -232.5143928527832, 141.6566162109375, 1) ),
        10: ( (0.18409366113471112, 0.9818306214289939, 0.04602341528367782, 0), (-0.2512835023613623, 0.0017447876695671702, 0.9679119573375439, 0), (0.9502452974737762, -0.18975138086544677, 0.24703904162830373, 0), (366.2269592285156, -230.67669677734375, 141.62551879882812, 1) ),
        11: ( (0.1817938338250802, 0.9822858237840592, 0.04544845845627001, 0), (-0.251137704033561, 0.0016934538990910492, 0.967949888076156, 0), (0.9507264883213945, -0.18738114261249406, 0.24699686596656553, 0), (366.6073913574219, -228.83905220031738, 141.5944528579712, 1) ),
        12: ( (0.1795281778009904, 0.982728464766042, 0.044882044450247564, 0), (-0.25099311234935995, 0.0016434642595327606, 0.9679874774904937, 0), (0.9511950856310378, -0.18504611199321552, 0.24695312410973216, 0), (366.9761047363281, -226.9990692138672, 141.5603313446045, 1) ),
        13: ( (0.17729245074059008, 0.9831596251841789, 0.04432311268514757, 0), (-0.2508508624729491, 0.0015949680583572656, 0.9680244319610277, 0), (0.951651843746952, -0.18274191496369319, 0.24690921572195174, 0), (367.3342590332031, -225.1570281982422, 141.52345657348633, 1) ),
        14: ( (0.1750555253800135, 0.9835854169149973, 0.043764033932879615, 0), (-0.25070861193672084, 0.0015470517402166872, 0.9680613609331156, 0), (0.9521033320678434, -0.18043651033830121, 0.24686415455113353, 0), (367.6924133300781, -223.3150177001953, 141.48658752441406, 1) ),
        15: ( (0.17281863904257327, 0.9840056344144759, 0.04320450717272122, 0), (-0.2505657746936929, 0.0015002162482189302, 0.968098415401739, 0), (0.9525494793193802, -0.1781310214189924, 0.24681739942030864, 0), (368.0505676269531, -221.4729766845703, 141.44972324371338, 1) ),
        16: ( (0.1705792649891779, 0.9844207098608736, 0.0426448162472944, 0), (-0.2504229343305819, 0.001453648713033398, 0.9681354455171447, 0), (0.9529905919352053, -0.17582307272492076, 0.24676948510817606, 0), (368.4087219238281, -219.6309356689453, 141.41284370422363, 1) ),
        17: ( (0.1683581428337014, 0.9848268982771129, 0.04208938312054517, 0), (-0.2502807892188908, 0.0014084051676098858, 0.9681722692490489, 0), (0.9534228140177662, -0.1735338492190065, 0.24672036982316428, 0), (368.7605895996094, -217.7877655029297, 141.37435722351074, 1) ),
        18: ( (0.16617737024186421, 0.9852203492327828, 0.0415444951483586, 0), (-0.25014162017901936, 0.0013643157976791845, 0.9682082980932457, 0), (0.9538418377664682, -0.17128631614941636, 0.24667133280186532, 0), (369.0970458984375, -215.9417266845703, 141.33187770843506, 1) ),
        19: ( (0.1639965859642177, 0.9856085441446871, 0.04099899390316019, 0), (-0.2500012220515927, 0.00132130718724819, 0.9682446194635048, 0), (0.9542559975000374, -0.16903861054891375, 0.2466200303683816, 0), (369.4335021972656, -214.09568786621094, 141.28938388824463, 1) ),
        20: ( (0.16181395447439073, 0.9859917581047508, 0.0404536412064784, 0), (-0.24986150767555787, 0.0012785065946505428, 0.9682807404895466, 0), (0.9546651094071978, -0.16678914344282159, 0.24656826744362897, 0), (369.76995849609375, -212.24969482421875, 141.2469024658203, 1) ),
        21: ( (0.15963131178209367, 0.9863697124138588, 0.03990782794552345, 0), (-0.24972166528917994, 0.0012368323588347815, 0.9683168696924138, 0), (0.9550690729910203, -0.16453954138236082, 0.24651532434669365, 0), (370.10638427734375, -210.40365600585938, 141.20440673828125, 1) ),
        22: ( (0.15745117472646047, 0.9867419612293967, 0.03936279368161518, 0), (-0.24958126730855018, 0.0011956314540568572, 0.968353118172335, 0), (0.9554675915937263, -0.16229255193812767, 0.24646056276713826, 0), (370.4417419433594, -208.5574188232422, 141.16163635253906, 1) ),
        23: ( (0.15531981940201217, 0.9871007994664143, 0.03882995485050314, 0), (-0.24944456655515773, 0.0011561206445681455, 0.9683883888198809, 0), (0.9558520606856669, -0.16009583091954954, 0.24640649951887064, 0), (370.7569885253906, -206.7078399658203, 141.113676071167, 1) ),
        24: ( (0.15318789571655891, 0.9874547190028975, 0.03829682134121974, 0), (-0.24930724712601882, 0.0011173165364148085, 0.9684237957290206, 0), (0.9562318574155427, -0.1578984785318278, 0.24635077702527156, 0), (371.07220458984375, -204.85821533203125, 141.06573390960693, 1) ),
        25: ( (0.15105530840976356, 0.9878037189461316, 0.03776382710244099, 0), (-0.24916987786397526, 0.0010788653819440025, 0.9684591927462609, 0), (0.9566068501565744, -0.15570051022934858, 0.24629390034639034, 0), (371.387451171875, -203.0085906982422, 141.01776218414307, 1) ),
        26: ( (0.14892151049795252, 0.9881478995226946, 0.0372305302123805, 0), (-0.24903253251653923, 0.0010410738180074847, 0.9684945606009898, 0), (0.9569771060267884, -0.15350128609947286, 0.24623601220455288, 0), (371.70269775390625, -201.1590118408203, 140.9698190689087, 1) ),
        27: ( (0.14678769549247866, 0.9884870804569262, 0.03669692387311955, 0), (-0.24889465171829211, 0.0010041599050243655, 0.9685300429046665, 0), (0.9573425848660642, -0.15130196109974026, 0.24617654593672253, 0), (372.0179443359375, -199.30938720703125, 140.92185974121094, 1) ),
        28: ( (0.144699712166603, 0.9888141220068025, 0.03617492804165071, 0), (-0.24875965642946574, 0.0009685239598648324, 0.9685647605062004, 0), (0.9576954769821127, -0.14914990473096365, 0.2461172064012349, 0), (372.3163146972656, -197.4571075439453, 140.86956977844238, 1) ),
        29: ( (0.1426214669431734, 0.9891348750846546, 0.035655519323691424, 0), (-0.24862541177955041, 0.000933554378578838, 0.9685992634178859, 0), (0.9580420250617538, -0.1470079160028026, 0.24605721051838053, 0), (372.61083984375, -195.60427856445312, 140.81628513336182, 1) ),
        30: ( (0.1405426452402725, 0.9894509842196182, 0.03513566131006826, 0), (-0.24849115377449066, 0.0008995056734649037, 0.9686337478042802, 0), (0.958384010386593, -0.14486525020298113, 0.24599623557879566, 0), (372.9053649902344, -193.75140380859375, 140.763014793396, 1) ),
        31: ( (0.1384637583764501, 0.9897623628458545, 0.03461578700620718, 0), (-0.24835569502552676, 0.0008659046449687319, 0.9686685186159057, 0), (0.9587216678289145, -0.14272251154928883, 0.2459330159462278, 0), (373.1999206542969, -191.89854431152344, 140.70974826812744, 1) ),
        32: ( (0.1363830959129809, 0.9900692548231236, 0.03409577397824509, 0), (-0.24822142353752494, 0.0008327992381015684, 0.9687029634219324, 0), (0.9590546262055125, -0.14057801072505594, 0.24586997957129852, 0), (373.49444580078125, -190.0457000732422, 140.65646362304688, 1) ),
        33: ( (0.13433043696810365, 0.9903673773203838, 0.03358260924202606, 0), (-0.24808778649928281, 0.0008007302499329974, 0.9687372239265678, 0), (0.9593788531616927, -0.13846232978904813, 0.24580561290488112, 0), (373.77728271484375, -188.19110107421875, 140.6001901626587, 1) ),
        34: ( (0.13229738271941013, 0.9906581045395679, 0.03307449826776563, 0), (-0.24795597749105627, 0.000769500846342433, 0.9687709951763123, 0), (0.9596953869598669, -0.13636688666431446, 0.24574140161851707, 0), (374.0516052246094, -186.33526611328125, 140.54171562194824, 1) ),
        35: ( (0.1302642586449269, 0.9909443396530995, 0.03256591207336872, 0), (-0.24782407110763874, 0.0007393028021386167, 0.9688047704315885, 0), (0.9600075274180528, -0.13427125210129512, 0.24567616522533656, 0), (374.325927734375, -184.4794158935547, 140.48326110839844, 1) ),
        36: ( (0.12822998155268528, 0.9912262046679534, 0.032057495388171306, 0), (-0.24769162174211454, 0.000709173212212165, 0.9688386643771586, 0), (0.9603155379091599, -0.1321745370822978, 0.24560936341540618, 0), (374.6002502441406, -182.62355041503906, 140.42480659484863, 1) ),
        37: ( (0.12619567461126005, 0.9915035688635666, 0.031548766064929304, 0), (-0.2475592387127643, 0.0006799497858821953, 0.9688725205083717, 0), (0.960619110281159, -0.13007770984722683, 0.2455416754107846, 0), (374.87457275390625, -180.76771545410156, 140.3663330078125, 1) ),
        38: ( (0.1241760463845416, 0.9917744596672791, 0.03104401159613532, 0), (-0.24742857040637992, 0.00065133263853559, 0.968905918194563, 0), (0.9609159235078577, -0.12799608164889575, 0.2454742166329693, 0), (375.1421203613281, -178.9109649658203, 140.30615234375, 1) ),
        39: ( (0.12218811367073455, 0.9920367701121905, 0.030546875829788923, 0), (-0.24729859049807149, 0.0006238531925826553, 0.9689391198340902, 0), (0.9612041781095496, -0.1259470426511357, 0.24540552241581323, 0), (375.39666748046875, -177.0525360107422, 140.24262619018555, 1) ),
        40: ( (0.12019833712354652, 0.9922950030443838, 0.03004973686874283, 0), (-0.24716915677875584, 0.0005965596011959229, 0.9689721626826651, 0), (0.9614883086600757, -0.12389621079673359, 0.24533642465031216, 0), (375.65118408203125, -175.19410705566406, 140.17910766601562, 1) ),
        41: ( (0.1182092322525012, 0.9925488595018466, 0.029552308063125483, 0), (-0.2470391773854778, 0.0005702163810598002, 0.9690053249028022, 0), (0.9617682788733368, -0.12184595337910246, 0.24526585860685324, 0), (375.90570068359375, -173.33566284179688, 140.1156005859375, 1) ),
        42: ( (0.11621948593291037, 0.992798491906884, 0.029054871483227517, 0), (-0.24690918028194, 0.0005442894396455178, 0.9690384721163068, 0), (0.9620441194571019, -0.11979506757969091, 0.2451943188607493, 0), (376.1602478027344, -171.47723388671875, 140.0520782470703, 1) ),
        43: ( (0.11423278020501788, 0.9930434495563396, 0.028558347639134618, 0), (-0.246779834267635, 0.0005188772638951948, 0.9690714339847314, 0), (0.9623152213934218, -0.11774734841868248, 0.24512237069451398, 0), (376.4127197265625, -169.61854553222656, 139.988037109375, 1) ),
        44: ( (0.11228331806325623, 0.9932796610295611, 0.028070829515814005, 0), (-0.24665227394967373, 0.0004947093729720728, 0.9691039216813084, 0), (0.9625773279275597, -0.11573793780622042, 0.24505023467077666, 0), (376.64788818359375, -167.7576904296875, 139.91958713531494, 1) ),
        45: ( (0.1103326341800631, 0.9935118960622752, 0.027583005957135438, 0), (-0.24652464972468327, 0.0004710750939946745, 0.9691364068934663, 0), (0.9628355554885842, -0.11372726353429426, 0.24497714713007537, 0), (376.8830261230469, -165.89683532714844, 139.85113620758057, 1) ),
        46: ( (0.10838136279240497, 0.9937400679814188, 0.02709534069810132, 0), (-0.24639769711101348, 0.0004477649855761587, 0.9691687027369935, 0), (0.9630896401984865, -0.11171605432883308, 0.24490379365691103, 0), (377.1181640625, -164.0359649658203, 139.78268432617188, 1) ),
        47: ( (0.106429439350178, 0.9939641959558112, 0.026607359837544635, 0), (-0.24627016491452153, 0.00042507811943412466, 0.9692011273113371, 0), (0.9633399090209961, -0.10970413149243824, 0.24482896728309883, 0), (377.35333251953125, -162.17514038085938, 139.71423244476318, 1) ),
        48: ( (0.10447813588357274, 0.9941841363844336, 0.026119381383022198, 0), (-0.24614194862504318, 0.00040301097054200666, 0.9692337069609291, 0), (0.9635862495123932, -0.10769280636930063, 0.24475252645671303, 0), (377.5884704589844, -160.31427001953125, 139.64578247070312, 1) ),
        49: ( (0.10256228835368611, 0.9943960670027984, 0.02564057208842159, 0), (-0.24601626690071304, 0.0003816046752982624, 0.9692656244797445, 0), (0.9638241403014829, -0.10571809829559928, 0.2446767464735248, 0), (377.80712890625, -158.4515838623047, 139.5731201171875, 1) ),
        50: ( (0.10065126988432055, 0.9946035162252297, 0.02516281747108019, 0), (-0.24589170158759918, 0.0003610106649176055, 0.9692972406654498, 0), (0.9640573597878026, -0.10374832617304747, 0.24460108719149679, 0), (378.0232849121094, -156.58865356445312, 139.499849319458, 1) ),
        51: ( (0.09874023900918086, 0.9948070230076964, 0.024685059752295378, 0), (-0.24576661502585992, 0.00034088091696845776, 0.9693289713708815, 0), (0.9642868536587755, -0.101778537888717, 0.24452401331176943, 0), (378.23944091796875, -154.72569274902344, 139.42657566070557, 1) ),
        52: ( (0.09682921174886873, 0.9950065917490482, 0.024207150349345084, 0), (-0.24564091479389716, 0.00032135722915992496, 0.9693608397850352, 0), (0.9645126462267408, -0.09980871257297293, 0.2444454461903833, 0), (378.4555969238281, -152.86271572113037, 139.35328769683838, 1) ),
        53: ( (0.09491758294309864, 0.9952022786689484, 0.023729243147915517, 0), (-0.245515168044502, 0.0003022010686100328, 0.9693927021257145, 0), (0.9647346550779234, -0.09783830132748134, 0.24436593888067343, 0), (378.6717224121094, -150.9997854232788, 139.28001308441162, 1) ),
        54: ( (0.0930310053938572, 0.995391535546501, 0.023257751348464223, 0), (-0.24539180553153847, 0.00028373293949407463, 0.9694239430061498, 0), (0.9649497882342789, -0.09589374566674264, 0.2442873220791909, 0), (378.8761291503906, -149.13563537597656, 139.2037525177002, 1) ),
        55: ( (0.09115905521036652, 0.9955755352378184, 0.022789916390478195, 0), (-0.2452691924428315, 0.00026588638876712603, 0.9694549770581766, 0), (0.9651595981450916, -0.09396426416654316, 0.2442082454956127, 0), (379.07366943359375, -147.27082920074463, 139.12576293945312, 1) ),
        56: ( (0.08928772817672541, 0.9957557094723857, 0.02232193204418133, 0), (-0.24514589031402556, 0.00024877110771337474, 0.9694861683258197, 0), (0.9653658343131805, -0.09203534737307086, 0.2441276321409259, 0), (379.2712097167969, -145.40600490570068, 139.04776191711426, 1) ),
        57: ( (0.08741578601750306, 0.9959321724125589, 0.021853793916459946, 0), (-0.24502259492464312, 0.00023215492969014956, 0.9695173407837958, 0), (0.9655684379324628, -0.09010579369657429, 0.24404617925911898, 0), (379.4687194824219, -143.541166305542, 138.96977138519287, 1) ),
        58: ( (0.08554321558322162, 0.9961049202698574, 0.021385651307909908, 0), (-0.24489935429349466, 0.0002158934126000496, 0.9695484823652006, 0), (0.9657673967029079, -0.08817562704180466, 0.24396391999939812, 0), (379.666259765625, -141.676362991333, 138.89178466796875, 1) ),
        59: ( (0.08368348539605987, 0.9962727463046441, 0.020921023936930617, 0), (-0.2447778238081963, 0.00020001782819569283, 0.9695791751912745, 0), (0.9659611230498312, -0.08625876745856384, 0.2438822129488708, 0), (379.8565979003906, -139.81088256835938, 138.8119649887085, 1) ),
        60: ( (0.08184449226433764, 0.9964350563528299, 0.02046112306608465, 0), (-0.24465692569500144, 0.00018517878455440867, 0.9696096917926762, 0), (0.9661492989157853, -0.08436316838496784, 0.24379989340560884, 0), (380.03582763671875, -137.9444284439087, 138.72935485839844, 1) ),
        61: ( (0.08000548927434592, 0.9965937320650506, 0.02000137231858623, 0), (-0.24453547646330948, 0.00017062435479602359, 0.9696403310703365, 0), (0.9663340635809309, -0.08246759421726656, 0.2437161739958625, 0), (380.215087890625, -136.07794284820557, 138.64674377441406, 1) ),
        62: ( (0.07816588299652742, 0.996748827767725, 0.01954147074913181, 0), (-0.24441467469598013, 0.00015660462145581158, 0.9696707906646722, 0), (0.9665151636309858, -0.08057139578447506, 0.24363228163096545, 0), (380.39434814453125, -134.2114715576172, 138.56414604187012, 1) ),
        63: ( (0.0763262910170369, 0.9969002913435258, 0.01908157275425903, 0), (-0.24429322527496322, 0.00014301133971187166, 0.9697013971488918, 0), (0.9666928764526708, -0.07867520998987039, 0.24354690297499398, 0), (380.5736083984375, -132.3450164794922, 138.4815378189087, 1) ),
        64: ( (0.07449095951589277, 0.997047784625476, 0.018622892466849006, 0), (-0.2441723631032369, 0.00012980506144474532, 0.9697318393490166, 0), (0.9668665647580242, -0.07678345084766783, 0.2434611830024267, 0), (380.7500305175781, -130.4783000946045, 138.39820861816406, 1) ),
        65: ( (0.07268371685635167, 0.9971894978565721, 0.018170929214087556, 0), (-0.24405390837099153, 0.00011760523660245617, 0.9697616593668013, 0), (0.9670340051481071, -0.07492056816099303, 0.24337654232412093, 0), (380.91131591796875, -128.61038398742676, 138.3110818862915, 1) ),
        66: ( (0.07087645290531754, 0.9973277128694724, 0.017718960638464742, 0), (-0.2439343772561639, 0.00010578451617857323, 0.9697917345504052, 0), (0.9671982981871958, -0.07305766183079837, 0.24329001219040802, 0), (381.0726318359375, -126.74249267578125, 138.22395133972168, 1) ),
        67: ( (0.0690686039621017, 0.9974624698267548, 0.017266998402633852, 0), (-0.24381533406110426, 0.00009431482695812163, 0.9698216712269249, 0), (0.9673590909395531, -0.0711941879076068, 0.24320315948765528, 0), (381.23394775390625, -124.87456321716309, 138.1368236541748, 1) ),
        68: ( (0.06726011660337125, 0.9975937682130915, 0.016815181738699107, 0), (-0.24369628778549873, 0.00008300967705898721, 0.9698515929919179, 0), (0.9675165094374711, -0.06933012860076124, 0.24311548127203586, 0), (381.395263671875, -123.00668430328369, 138.04969882965088, 1) ),
        69: ( (0.06545166109417626, 0.9977215719146117, 0.016362915273544294, 0), (-0.24357667663454563, 0.00007257232512616896, 0.9698816408886848, 0), (0.9676706478237743, -0.06746598898329231, 0.24302645467278491, 0), (381.55657958984375, -121.13875579833984, 137.9625701904297, 1) ),
        70: ( (0.06367125729363536, 0.9978439704302767, 0.015917966911281733, 0), (-0.24345944755259766, 0.00006249145969325527, 0.9699110750435843, 0), (0.9678189233488006, -0.06563083704142772, 0.24293852069445457, 0), (381.70159912109375, -119.26969242095947, 137.87135219573975, 1) ),
        71: ( (0.06189332139254293, 0.9979628213590609, 0.015473330348136175, 0), (-0.24334227825231255, 0.00005316068458907815, 0.9699404789928688, 0), (0.967963714393248, -0.06379815325700876, 0.2428498368519562, 0), (381.8452453613281, -117.40057277679443, 137.77978515625, 1) ),
        72: ( (0.06011474749961663, 0.9980783314469227, 0.015028686874904305, 0), (-0.24322510629043845, 0.000044127216905486336, 0.9699698684612804, 0), (0.9681052446935003, -0.061964847687340535, 0.24276036094886339, 0), (381.9888916015625, -115.53141021728516, 137.68821620941162, 1) ),
        73: ( (0.058336798560826915, 0.9981904200120134, 0.014584352228114881, 0), (-0.24310730544634887, 0.00003535296391785764, 0.9699994004064042, 0), (0.9682435933029916, -0.06013222219748875, 0.24266944571021445, 0), (382.132568359375, -113.66224765777588, 137.5966501235962, 1) ),
        74: ( (0.05655762313316147, 0.9982992077301248, 0.014139558371196861, 0), (-0.24299071743715206, 0.00002724756553138495, 0.9700286132362016, 0), (0.9683784108007083, -0.05829829416865795, 0.24257898176082615, 0), (382.2762145996094, -111.79312801361084, 137.5050973892212, 1) ),
        75: ( (0.05480164106321963, 0.9984032646657997, 0.01370041026580502, 0), (-0.24287416416447538, 0.000019744420298591428, 0.9700578023971383, 0), (0.9685086063211754, -0.05648823518956139, 0.24248744043142378, 0), (382.4079895019531, -109.92326259613037, 137.41055393218994, 1) ),
        76: ( (0.05305480641264634, 0.9985035111286784, 0.013263701603162016, 0), (-0.24275876758196946, 0.000012597924008391978, 0.97008668715913, 0), (0.9686347961324743, -0.05468764124547165, 0.24239615016828678, 0), (382.5342712402344, -108.05308628082275, 137.31463623046875, 1) ),
        77: ( (0.051307985260436145, 0.9986005001070483, 0.012826996315109402, 0), (-0.24264343586300502, 0.0000058855973405942674, 0.9701155410557835, 0), (0.9687577889653897, -0.05288706033911043, 0.24230415837863092, 0), (382.66058349609375, -106.18289947509766, 137.21873474121094, 1) ),
        78: ( (0.04956115377037181, 0.9986942357751202, 0.012390135854713217, 0), (-0.24252808262714726, -2.49466741309573e-7, 0.9701443857164446, 0), (0.9688776089755347, -0.05108643097228907, 0.2422113857694645, 0), (382.786865234375, -104.31272029876709, 137.12283325195312, 1) ),
        79: ( (0.047813725762080726, 0.9987847431281404, 0.01195343144052063, 0), (-0.24241272675462033, -0.000006250986235264641, 0.9701732164249408, 0), (0.9689942814775215, -0.049285260021428925, 0.24211783413966395, 0), (382.9131774902344, -102.442551612854, 137.02691459655762, 1) ),
        80: ( (0.046077879492992586, 0.9988714303406162, 0.011519317285361737, 0), (-0.24229797108651724, -0.0000114995819252596, 0.970201882638411, 0), (0.969107074697521, -0.04749595263863223, 0.24202399107146857, 0), (383.0318298339844, -100.57197570800781, 136.92910957336426, 1) ),
        81: ( (0.04435545989514267, 0.998954268348198, 0.011088864973785495, 0), (-0.24218448121544112, -0.000016565164763664153, 0.9702302184450878, 0), (0.9692158016850004, -0.045720558554240925, 0.24193048648235754, 0), (383.1410217285156, -98.70096588134766, 136.82891654968262, 1) ),
        82: ( (0.04263305575675957, 0.9990339453525309, 0.01065826393918965, 0), (-0.24207029553345275, -0.000021097435009510487, 0.9702587137332213, 0), (0.9693216156556026, -0.04394514294270343, 0.24183554295131532, 0), (383.2502136230469, -96.82991790771484, 136.7287302017212, 1) ),
        83: ( (0.04091003095977723, 0.9991104865484541, 0.010227660327822978, 0), (-0.24195675944514486, -0.000025330203156849473, 0.9702870327471068, 0), (0.9694242084483315, -0.042169124099180236, 0.24174049939353062, 0), (383.3594055175781, -94.95887756347656, 136.6285400390625, 1) ),
        84: ( (0.03918701408619605, 0.9991838677377883, 0.009796753521549033, 0), (-0.24184328117650178, -0.000028847537271307552, 0.9703153232416785, 0), (0.9695237002140751, -0.04039303925645239, 0.24164477462348513, 0), (383.4685974121094, -93.0878677368164, 136.52838230133057, 1) ),
        85: ( (0.037470092670024956, 0.9992538424569636, 0.009367523167505578, 0), (-0.24172973016308294, -0.000032104884784577015, 0.9703436177584513, 0), (0.9696198892919755, -0.038623274126753995, 0.24154815872853752, 0), (383.5742492675781, -91.2166748046875, 136.42730712890625, 1) ),
        86: ( (0.03577392486982779, 0.9993198903116215, 0.008943328629570991, 0), (-0.2416174336791077, -0.00003477171353376274, 0.9703715858027016, 0), (0.9697119376607313, -0.03687486431834734, 0.24145186340091385, 0), (383.6666259765625, -89.3449478149414, 136.32293605804443, 1) ),
        87: ( (0.034077147070858516, 0.9993828944906354, 0.008519286767713897, 0), (-0.2415051051706365, -0.00003733007811290365, 0.9703995480125621, 0), (0.9698010271308392, -0.03512589936193426, 0.241354798937134, 0), (383.7590026855469, -87.47325134277344, 136.21856689453125, 1) ),
        88: ( (0.03238036651884407, 0.9994428366975343, 0.008094939041841602, 0), (-0.24139287721900987, -0.000039183217759503064, 0.9704274714230855, 0), (0.9698871020340633, -0.03337685783085723, 0.2412571131993944, 0), (383.85137939453125, -85.60151767730713, 136.11419773101807, 1) ),
        89: ( (0.030683590534660726, 0.9994997121567345, 0.007670897633664934, 0), (-0.24128111441226863, -0.000040912548658247026, 0.9704552654059522, 0), (0.9699700722702093, -0.031627894725514846, 0.24115914906002786, 0), (383.9437561035156, -83.72980499267578, 136.0098114013672, 1) ),
        90: ( (0.028986206523514434, 0.9995535439989381, 0.00724655163087853, 0), (-0.24116884259221272, -0.000042105334258683846, 0.9704831722342605, 0), (0.9700501993165657, -0.029878268127581393, 0.24105995084125373, 0), (384.0361328125, -81.85809326171875, 135.90544033050537, 1) ),
        91: ( (0.027315062722556266, 0.9996035490671997, 0.0068287656806400605, 0), (-0.2410583291389561, -0.00004288329378335405, 0.9705106285423966, 0), (0.9701261615383834, -0.02815568953659961, 0.24096158997965028, 0), (384.1123352050781, -79.9858627319336, 135.79705715179443, 1) ),
        92: ( (0.025644531068352905, 0.9996505666496304, 0.006411132767087936, 0), (-0.2409478816564596, -0.000043268009234416135, 0.9705380551287746, 0), (0.9701991941614614, -0.026433742167016817, 0.24086257684310086, 0), (384.1881103515625, -78.11363983154297, 135.6885528564453, 1) ),
        93: ( (0.023973995884423612, 0.9996946170308532, 0.005993346383236315, 0), (-0.2408374686089396, -0.00004311167281589694, 0.9705654598508139, 0), (0.9702693240721215, -0.024711754711462298, 0.24076288738862733, 0), (384.2638854980469, -76.24141788482666, 135.58004665374756, 1) ),
        94: ( (0.022303468067463677, 0.9997356984327258, 0.005575714428967045, 0), (-0.24072697570541032, -0.000042713549430661336, 0.9705928710552532, 0), (0.9703365799968021, -0.022989811977970988, 0.24066239852816043, 0), (384.33966064453125, -74.36919403076172, 135.47155857086182, 1) ),
        95: ( (0.02063232654890849, 0.9997738250699519, 0.0051580816372272745, 0), (-0.2406170659615683, -0.000042057474335930635, 0.9706201243530936, 0), (0.970400811350251, -0.021267273830135068, 0.24056177666996176, 0), (384.4154357910156, -72.49695587158203, 135.363037109375, 1) ),
        96: ( (0.018977052393258285, 0.9998086634202153, 0.0047442630983151515, 0), (-0.2405072197635427, -0.00004089611250272882, 0.9706473487158551, 0), (0.9704618223938922, -0.019561055119560578, 0.24046042584702998, 0), (384.4791259765625, -70.62445831298828, 135.25155639648438, 1) ),
        97: ( (0.01732726950559282, 0.9998404878227817, 0.004331817376397596, 0), (-0.24039794398910527, -0.000039350626248564786, 0.9706744186272445, 0), (0.9705197546970857, -0.01786049724476116, 0.24035891575075455, 0), (384.5385437011719, -68.75190830230713, 135.13900566101074, 1) ),
        98: ( (0.015676880576985356, 0.9998694290400301, 0.003919220144246927, 0), (-0.24028931253510566, -0.00003741017985399962, 0.9707013159988425, 0), (0.9705747172148991, -0.016159315320971212, 0.24025735125397552, 0), (384.59796142578125, -66.87932586669922, 135.02645874023438, 1) ),
        99: ( (0.014027099451504283, 0.9998954660418451, 0.0035067748628776173, 0), (-0.24018010186384378, -0.0000350992486314039, 0.9707283437897115, 0), (0.9706269927988049, -0.014458760562511837, 0.24015450254647472, 0), (384.6573791503906, -65.0067367553711, 134.9138946533203, 1) ),
        100: ( (0.012377318593974892, 0.9999186107142625, 0.003094177060613575, 0), (-0.24007139126051194, -0.000032251109218650684, 0.9707552348857605, 0), (0.9706763256012095, -0.012758170210697847, 0.24005145283919743, 0), (384.716796875, -63.134185791015625, 134.80133056640625, 1) ),
        101: ( (0.010736695381101483, 0.9999387570065947, 0.0026843264331796505, 0), (-0.2399627517142024, -0.000029490877919282916, 0.9707820954879813, 0), (0.9707227210496525, -0.011067129998086787, 0.23994773904240893, 0), (384.76812744140625, -61.261497497558594, 134.68679809570312, 1) ),
        102: ( (0.00910644430345316, 0.9999559438866081, 0.0022766110758633486, 0), (-0.2398553284745902, -0.00002592566104555336, 0.9708086426944327, 0), (0.9707659316614353, -0.009386672131417906, 0.23984452529045294, 0), (384.8113708496094, -59.38873291015625, 134.57025241851807, 1) ),
        103: ( (0.007476196175135625, 0.9999703064175396, 0.0018688964558964075, 0), (-0.23974790198295212, -0.00002198872870879309, 0.9708351780870266, 0), (0.9708063916072677, -0.007706218249425879, 0.23974061861680543, 0), (384.8546142578125, -57.515960693359375, 134.45370483398438, 1) ),
        104: ( (0.0058465580556685765, 0.9999818407425541, 0.0014614869260131595, 0), (-0.23963989816479092, -0.000017833637804197562, 0.9708618433585338, 0), (0.9708442392920043, -0.006026430709348046, 0.23963544221678706, 0), (384.8978576660156, -55.643192291259766, 134.33714294433594, 1) ),
        105: ( (0.0042156980012021915, 0.9999905586829904, 0.0010537719124202492, 0), (-0.23953246712885798, -0.000013298460784860267, 0.970888354556956, 0), (0.9708792021057643, -0.0043453846816693615, 0.23953014956460716, 0), (384.94110107421875, -53.77040386199951, 134.22059631347656, 1) ),
        106: ( (0.0025909422357347687, 0.9999964337221292, 0.0006477355589398643, 0), (-0.23942506876020908, -0.000008559577435266266, 0.9709148450692794, 0), (0.9709113880614957, -0.0026706684101294844, 0.23942419272651394, 0), (384.9801330566406, -51.89762210845947, 134.10301208496094, 1) ),
        107: ( (0.0009802245951032354, 0.9999994895534833, 0.0002450561487816433, 0), (-0.23931824220386116, -0.0000033494814032998847, 0.9709411820173429, 0), (0.9709406872246096, -0.0010103868337796775, 0.239318116761454, 0), (385.0074157714844, -50.02479267120361, 133.98251342773438, 1) ),
        108: ( (-0.0006298828719093658, 0.9999997892012084, -0.000157623305891524, 0), (-0.23921267013406688, 0.0000023710964062955797, 0.9709671974076715, 0), (0.9709669931026995, 0.0006493010987106024, 0.23921261821481205, 0), (385.0346984863281, -48.15194606781006, 133.86202812194824, 1) ),
        109: ( (-0.002239990244920944, 0.9999973344196643, -0.0005599975612299953, 0), (-0.23910583787866455, 0.000008159275476071087, 0.9709935109081667, 0), (0.9709909272161323, 0.0023089146784037386, 0.23910518224614746, 0), (385.0619812011719, -46.279114723205566, 133.74151706695557, 1) ),
        110: ( (-0.0038507077873625815, 0.9999921226202897, -0.0009626769468388297, 0), (-0.23899961332736958, 0.000014460685542721434, 0.9710196623242273, 0), (0.9710120271546095, 0.003969192393447739, 0.23899767495279034, 0), (385.0892639160156, -44.40628910064697, 133.62103462219238, 1) ),
        111: ( (-0.005460205035905895, 0.9999841612725805, -0.0013650512589738727, 0), (-0.23889399676900147, 0.00002111721976221859, 0.9710456517907875, 0), (0.9710303004894844, 0.005628210909053405, 0.23889009768775482, 0), (385.1161193847656, -42.533443450927734, 133.50042724609375, 1) ),
        112: ( (-0.0070495607889722615, 0.9999735984882177, -0.0017623901972415106, 0), (-0.23878905977936976, 0.00002804957319235018, 0.9710714619135432, 0), (0.9710458735931929, 0.0072664667993593635, 0.23878255765002318, 0), (385.12762451171875, -40.66071701049805, 133.37606811523438, 1) ),
        113: ( (-0.008638305590996416, 0.9999603568378224, -0.0021597289856393207, 0), (-0.23868412052374088, 0.00003548193519086829, 0.9710972605001214, 0), (0.971058839765297, 0.008904127908286453, 0.2386743518266426, 0), (385.1391296386719, -38.78799057006836, 133.25170993804932, 1) ),
        114: ( (-0.010227660815913017, 0.9999444270252594, -0.0025569152039790414, 0), (-0.23857964655181058, 0.00004296967697926986, 0.9711229326943217, 0), (0.9710690743739334, 0.010542343891780517, 0.2385659484918576, 0), (385.150634765625, -36.915245056152344, 133.12734985351562, 1) ),
        115: ( (-0.011816406884733302, 0.9999258197035477, -0.0029542543090820064, 0), (-0.238474126804132, 0.00005111715200938321, 0.9711488496785874, 0), (0.9710769605820855, 0.01218000317015856, 0.23845583270164253, 0), (385.1621398925781, -35.042518615722656, 133.0029764175415, 1) ),
        116: ( (-0.013405762290749728, 0.9999045226451607, -0.0033512879847922444, 0), (-0.2383697151647779, 0.00005916328416431674, 0.9711744824654158, 0), (0.9710819555679461, 0.013818179817143325, 0.2383461631259763, 0), (385.17364501953125, -33.16979217529297, 132.8786153793335, 1) ),
        117: ( (-0.014982909893059315, 0.9998807349994048, -0.003745422297488474, 0), (-0.2382659823574639, 0.00006764422163727185, 0.97119993671514, 0), (0.9710843599102855, 0.015443807863002491, 0.23823655205765865, 0), (385.1728210449219, -31.2972354888916, 132.751220703125, 1) ),
        118: ( (-0.016556396040514985, 0.9998543662001651, -0.004139099010128173, 0), (-0.2381622551531986, 0.0000769005805933004, 0.9712253777093366, 0), (0.9710842527662018, 0.017065769152509028, 0.23812629748253533, 0), (385.1687316894531, -29.42470645904541, 132.62301540374756, 1) ),
        119: ( (-0.018129272739730612, 0.9998253785345714, -0.004532318184932812, 0), (-0.23805844963797343, 0.00008620627306939969, 0.9712508260611381, 0), (0.9710816155328517, 0.018687027764722128, 0.23801531666560366, 0), (385.1646423339844, -27.552194595336914, 132.49482822418213, 1) ),
        120: ( (-0.01970336832654157, 0.9997937361574135, -0.004925689493751194, 0), (-0.2379552502451347, 0.00009570435003366812, 0.9712761140486533, 0), (0.9710762463150686, 0.02030950469798801, 0.23790428298279634, 0), (385.1605224609375, -25.679683685302734, 132.36663818359375, 1) ),
        121: ( (-0.02127624435318242, 0.9997594855840892, -0.005319061088295592, 0), (-0.23785097098614844, 0.00010586291964785957, 0.9713016546850873, 0), (0.9710686057262741, 0.021930795190316075, 0.2377915120334415, 0), (385.15643310546875, -23.807161331176758, 132.23843574523926, 1) ),
        122: ( (-0.022843627721015662, 0.9997227386703664, -0.005710906930253162, 0), (-0.2377484162236419, 0.00011615262543603413, 0.971326761235228, 0), (0.9710581132227328, 0.023546386006985724, 0.23767984443430717, 0), (385.143798828125, -21.93484115600586, 132.10813808441162, 1) ),
        123: ( (-0.024404296452029326, 0.9996835535354921, -0.006101074113007058, 0), (-0.23764585532843835, 0.00012674987891099065, 0.9713518576600774, 0), (0.9710452501093327, 0.025155053669573678, 0.2375675598960945, 0), (385.124267578125, -20.062681198120117, 131.97616577148438, 1) ),
        124: ( (-0.025964965277052367, 0.9996417790114831, -0.006491088731375696, 0), (-0.23754267988494893, 0.00013755674131972397, 0.9713770927457676, 0), (0.9710300179763951, 0.02676368309668991, 0.2374540154553336, 0), (385.104736328125, -18.19053077697754, 131.84417724609375, 1) ),
        125: ( (-0.027525635176510792, 0.9995974117719282, -0.006881408794127432, 0), (-0.23744015433476545, 0.00014898426167425562, 0.9714021571487128, 0), (0.9710121072971296, 0.028372384153469307, 0.23734046283732482, 0), (385.0851745605469, -16.318378448486328, 131.71218967437744, 1) ),
        126: ( (-0.029086303051853474, 0.9995504534247219, -0.007271728350850263, 0), (-0.2373370872537705, 0.00016076957314538082, 0.9714273421965435, 0), (0.9709918094343906, 0.029981080894076702, 0.2372257169864831, 0), (385.0656433105469, -14.446210861206055, 131.58019924163818, 1) ),
        127: ( (-0.030640869441926465, 0.9995011046466297, -0.007660217360482351, 0), (-0.23723512472714872, 0.00017253094907979886, 0.9714522457788473, 0), (0.9709689143919784, 0.031583414052927014, 0.23711148272748067, 0), (385.0412902832031, -12.574215412139893, 131.44705200195312, 1) ),
        128: ( (-0.03218139680531549, 0.9994496635928632, -0.008045349201329108, 0), (-0.23713442095902149, 0.00018465506811526575, 0.9714768305517819, 0), (0.9709436770977441, 0.03317131059542743, 0.23699797479576332, 0), (385.0064392089844, -10.702559471130371, 131.31134128570557, 1) ),
        129: ( (-0.033721311070732035, 0.9993957187988151, -0.00843032776768427, 0), (-0.23703310229100866, 0.00019712867235193408, 0.9715015540690538, 0), (0.9709161558023283, 0.0347585728545664, 0.23688322020595431, 0), (384.97161865234375, -8.830897331237793, 131.17562866210938, 1) ),
        130: ( (-0.035261232924852344, 0.9993392496011592, -0.008815308231213403, 0), (-0.23693178186220254, 0.00020993546209139777, 0.971526266588147, 0), (0.9708861808658217, 0.03634584066566278, 0.23676782650961103, 0), (384.9367980957031, -6.959239482879639, 131.03991508483887, 1) ),
        131: ( (-0.03680114799795322, 0.9992802575017888, -0.009200134411595567, 0), (-0.23683045434936312, 0.0002229273558101673, 0.9715509694277847, 0), (0.9708537538675467, 0.03793306302624022, 0.23665179342388326, 0), (384.9019470214844, -5.087575912475586, 130.90420532226562, 1) ),
        132: ( (-0.038340454577488886, 0.9992187624035168, -0.009585113644372369, 0), (-0.23672971136285634, 0.00023652179133581454, 0.9715755183286067, 0), (0.9708187540941152, 0.039519728215490615, 0.23653570085913778, 0), (384.8659362792969, -3.2159595489501953, 130.76818752288818, 1) ),
        133: ( (-0.039870605971635775, 0.9991551334518431, -0.00996765149290848, 0), (-0.23662902920964926, 0.0002502392341266913, 0.9716000411257837, 0), (0.9707816630503243, 0.041096918098018284, 0.23641913206864468, 0), (384.81591796875, -1.3449153900146484, 130.6287841796875, 1) ),
        134: ( (-0.04140075834603561, 0.9990890104409599, -0.010350189586509023, 0), (-0.23652831039083932, 0.00026428776147391017, 0.9716245615131567, 0), (0.9707421571107478, 0.04267410652940085, 0.23630189385590925, 0), (384.76593017578125, 0.5261287689208984, 130.48938179016113, 1) ),
        135: ( (-0.04293151767203182, 0.9990203652027192, -0.010732879418007876, 0), (-0.23642823530959578, 0.00027864063336281546, 0.97164891391273, 0), (0.9707000434422399, 0.04425191825924518, 0.23618465951795145, 0), (384.7159118652344, 2.3971920013427734, 130.34997749328613, 1) ),
        136: ( (-0.0444616686729179, 0.9989492517240283, -0.011115417168229605, 0), (-0.23632812014242421, 0.00029331931875124784, 0.9716732648342884, 0), (0.9706555411930473, 0.04582910040336107, 0.23606675731125523, 0), (384.6659240722656, 4.2682342529296875, 130.2105712890625, 1) ),
        137: ( (-0.04599121160747427, 0.998875670679005, -0.011497955489761472, 0), (-0.23622747341153943, 0.0003084964257430312, 0.9716977336783058, 0), (0.9706087725033589, 0.04740568906284683, 0.23594768781236175, 0), (384.6159362792969, 6.139278411865234, 130.07116794586182, 1) ),
        138: ( (-0.047511593680479844, 0.9988000620720157, -0.011877898420120252, 0), (-0.23612856858397568, 0.0003235560932665221, 0.9717217680025169, 0), (0.9705596053640516, 0.048972760963541945, 0.235829856293015, 0), (384.55328369140625, 8.009710311889648, 129.92868041992188, 1) ),
