#usda 1.0
(
    defaultPrim = "Base_Camera"
    endTimeCode = 600
    framesPerSecond = 60
    metersPerUnit = 1
    startTimeCode = 1
    subLayers = [
        @./Base_Camera.usda@
    ]
    upAxis = "Z"
)

over "Base_Camera"
{
    float focalLength = 20
    # float horizontalAperture = 15
    # float verticalAperture = 15.2908
    float verticalAperture = 15.2908
    float horizontalAperture = 25.955
    matrix4d xformOp:transform:transform11.timeSamples = {
        1: ( (0.010471784116245792, 0.9999451693655121, 0.0, 0), (-0.3713711545853986, 0.0038891318013835143, 0.9284763541392637, 0), (0.9284254451916593, -0.009722803937585345, 0.3713915182179859, 0), (749.9588770241342, -45.85390293703786, 298.1000061035156, 1) ),
        2: ( (0.020942419883356957, 0.9997806834748455, 0.0, 0), (-0.37131006592073845, 0.0077778371156384755, 0.9284763541392637, 0), (0.9282727239315857, -0.01944454166015289, 0.3713915182179859, 0), (749.8355126061341, -53.70687976237123, 298.1000061035156, 1) ),
        3: ( (0.03141075907812829, 0.9995065603657316, 0.0, 0), (-0.371208258923066, 0.011665689502405449, 0.9284763541392637, 0), (0.9280182071066503, -0.029164147069607335, 0.3713915182179859, 0), (749.6299202742987, -61.55813415844973, 298.1000061035156, 1) ),
        4: ( (0.04187565372919962, 0.9991228300988584, 0.0, 0), (-0.37106574475666576, 0.01555226261485811, 0.9284763541392637, 0), (0.927661922627491, -0.03888055430168553, 0.3713915182179859, 0), (749.3421225741438, -69.40680514675323, 298.1000061035156, 1) ),
        5: ( (0.05233595624294383, 0.9986295347545738, 0.0, 0), (-0.3708825390498221, 0.019437130246456984, 0.9284763541392637, 0), (0.9272039095647158, -0.04859269784284052, 0.3713915182179859, 0), (748.9721510659303, -77.25203203206138, 298.1000061035156, 1) ),
        6: ( (0.06279051952931337, 0.9980267284282716, 0.0, 0), (-0.37065866189310526, 0.023319866377687785, 0.9284763541392637, 0), (0.9266442181446186, -0.05829951264708712, 0.3713915182179859, 0), (748.5200463212037, -85.09295449683854, 298.1000061035156, 1) ),
        7: ( (0.07323819712763169, 0.9973144772244581, 0.0, 0), (-0.3703941378371684, 0.027200045222779266, 0.9284763541392637, 0), (0.9259829097436706, -0.06799993425279616, 0.3713915182179859, 0), (747.9858579183435, -92.92871269557727, 298.1000061035156, 1) ),
        8: ( (0.08367784333231548, 0.9964928592495044, 0.0, 0), (-0.3700889958900552, 0.031077241276395415, 0.9284763541392637, 0), (0.9252200568817902, -0.07769289889942477, 0.3713915182179859, 0), (747.3696444371283, -100.75844734909012, 298.1000061035156, 1) ),
        9: ( (0.09410831331851431, 0.99556196460308, 0.0, 0), (-0.3697432695140186, 0.03495102936029693, 0.9284763541392637, 0), (0.9243557432143904, -0.08737734364416967, 0.3713915182179859, 0), (746.67147345231, -108.58129983873926, 298.1000061035156, 1) ),
        10: ( (0.10452846326765346, 0.9945218953682733, 0.0, 0), (-0.3693569966218519, 0.038820984669966786, 0.9284763541392637, 0), (0.9233900635232046, -0.09705220647853083, 0.3713915182179859, 0), (745.891421526205, -116.39641230059361, 298.1000061035156, 1) ),
        11: ( (0.11493715049286658, 0.9933727656003964, 0.0, 0), (-0.36893021957273064, 0.042686682821194845, 0.9284763541392637, 0), (0.9223231237058934, -0.10671642644477264, 0.3713915182179859, 0), (745.0295742002974, -124.20292771950345, 298.1000061035156, 1) ),
        12: ( (0.12533323356430426, 0.9921147013144779, 0.0, 0), (-0.36846298516756754, 0.04654769989661638, 0.9284763541392637, 0), (0.921155040764431, -0.11636894375227001, 0.3713915182179859, 0), (744.0860259858584, -131.9999900230817, 298.1000061035156, 1) ),
        13: ( (0.13571557243430438, 0.9907478404714436, 0.0, 0), (-0.3679553446438803, 0.05040361249219934, 0.9284763541392637, 0), (0.9198859427922748, -0.12600869989372607, 0.3713915182179859, 0), (743.0608803535827, -139.78674417558182, 298.1000061035156, 1) ),
        14: ( (0.14608302856241162, 0.9892723329629883, 0.0, 0), (-0.3674073536701731, 0.05425399776367545, 0.9284763541392637, 0), (0.9185159689603191, -0.13563463776124987, 0.3713915182179859, 0), (741.9542497222412, -147.56233627166222, 298.1000061035156, 1) ),
        15: ( (0.15643446504023087, 0.9876883405951378, 0.0, 0), (-0.36681907233983135, 0.05809843347290978, 0.9284763541392637, 0), (0.9170452695016328, -0.14524570176227966, 0.3713915182179859, 0), (740.7662554463533, -155.32591363002666, 298.1000061035156, 1) ),
        16: ( (0.16676874671610226, 0.985996037070505, 0.0, 0), (-0.36619056516453236, 0.061936498034203966, 0.9284763541392637, 0), (0.9154740056949847, -0.15484083793534092, 0.3713915182179859, 0), (739.4970278028787, -163.0766248869302, 298.1000061035156, 1) ),
        17: ( (0.1770847403195833, 0.9841956079692419, 0.0, 0), (-0.36552190106717036, 0.06576777056052782, 0.9284763541392637, 0), (0.9138023498471577, -0.16441899406562496, 0.3713915182179859, 0), (738.1467059769315, -170.813620089541, 298.1000061035156, 1) ),
        18: ( (0.1873813145857246, 0.9822872507286887, 0.0, 0), (-0.36481315337429904, 0.06959183090967429, 0.9284763541392637, 0), (0.9120304852740536, -0.173979119800376, 0.3713915182179859, 0), (736.7154380465165, -178.53605078914697, 298.1000061035156, 1) ),
        19: ( (0.19765734037912613, 0.9802711746217219, 0.0, 0), (-0.36406439980808963, 0.07340825973033287, 0.9284763541392637, 0), (0.9101586062805898, -0.18352016676407448, 0.3713915182179859, 0), (735.2033809662914, -186.24307013419812, 298.1000061035156, 1) ),
        20: ( (0.20791169081775931, 0.9781476007338057, 0.0, 0), (-0.36327572247780837, 0.07721663850807611, 0.9284763541392637, 0), (0.908186918139392, -0.193041088673403, 0.3713915182179859, 0), (733.6107005503543, -193.933832963173, 298.1000061035156, 1) ),
        21: ( (0.21814324139654254, 0.9759167619387474, 0.0, 0), (-0.3624472078708121, 0.08101654961125453, 0.9284763541392637, 0), (0.9061156370682839, -0.20254084145198312, 0.3713915182179859, 0), (731.9375714540606, -201.6074958972604, 298.1000061035156, 1) ),
        22: ( (0.2283508701106557, 0.9735789028731603, 0.0, 0), (-0.361578946843064, 0.0848075763367945, 0.9284763541392637, 0), (0.9039449902065761, -0.21201838334487014, 0.3713915182179859, 0), (730.1841771548702, -209.2632174328453, 298.1000061035156, 1) ),
        23: ( (0.23853345757858085, 0.9711342799096361, 0.0, 0), (-0.3606710346091702, 0.08858930295589468, 0.9284763541392637, 0), (0.9016752155901581, -0.22147267503279347, 0.3713915182179859, 0), (728.350709932227, -216.90015803378915, 298.1000061035156, 1) ),
        24: ( (0.2486898871648548, 0.9685831611286311, 0.0, 0), (-0.35972357073193834, 0.09236131475961502, 0.9284763541392637, 0), (0.8993065621253944, -0.23090267974612924, 0.3713915182179859, 0), (726.4373708464733, -224.5174802234946, 298.1000061035156, 1) ),
        25: ( (0.2588190451025208, 0.9659258262890683, 0.0, 0), (-0.3587366591114596, 0.09612319810435456, 0.9284763541392637, 0), (0.8968392895618299, -0.24030736337859415, 0.3713915182179859, 0), (724.4443697168012, -232.1143486767441, 298.1000061035156, 1) ),
        26: ( (0.2689198206152657, 0.9631625667976582, 0.0, 0), (-0.3577104079737145, 0.09987454045721195, 0.9284763541392637, 0), (0.8942736684637047, -0.24968569460064668, 0.3713915182179859, 0), (722.3719250982437, -239.6899303113028, 298.1000061035156, 1) ),
        27: ( (0.2789911060392293, 0.9602936856769431, 0.0, 0), (-0.3566449298587052, 0.10361493044122445, 0.9284763541392637, 0), (0.8916099801802841, -0.2590366449725843, 0.3713915182179859, 0), (720.2202642577073, -247.2433943792755, 298.1000061035156, 1) ),
        28: ( (0.2890317969444716, 0.9573194975320672, 0.0, 0), (-0.3555403416081138, 0.10734395788047993, 0.9284763541392637, 0), (0.8888485168150057, -0.268359189057323, 0.3713915182179859, 0), (717.9896231490504, -254.77391255820723, 298.1000061035156, 1) ),
        29: ( (0.29904079225608665, 0.9542403285162769, 0.0, 0), (-0.3543967643524897, 0.11106121384509733, 0.9284763541392637, 0), (0.8859895811934461, -0.2776523045328483, 0.3713915182179859, 0), (715.6802463872077, -262.2806590419185, 298.1000061035156, 1) ),
        30: ( (0.3090169943749474, 0.9510565162951535, 0.0, 0), (-0.3532143234979657, 0.11476629069607051, 0.9284763541392637, 0), (0.8830334868301134, -0.2869149723043245, 0.3713915182179859, 0), (713.2923872213652, -269.7628106310641, 298.1000061035156, 1) ),
        31: ( (0.31895930929807, 0.9477684100095857, 0.0, 0), (-0.35199314871250653, 0.11845878212997035, 0.9284763541392637, 0), (0.8799805578940669, -0.29614617661584974, 0.3713915182179859, 0), (710.8263075071892, -277.219546823406, 298.1000061035156, 1) ),
        32: ( (0.32886664673858323, 0.9443763702374811, 0.0, 0), (-0.35073337391168885, 0.12213828322350047, 0.9284763541392637, 0), (0.8768311291733679, -0.3053449051618449, 0.3713915182179859, 0), (708.2822776781109, -284.65004990379094, 298.1000061035156, 1) ),
        33: ( (0.33873792024529137, 0.9408807689542255, 0.0, 0), (-0.3494351372440158, 0.1258043904779018, 0.9284763541392637, 0), (0.8735855460383661, -0.3145101491980648, 0.3713915182179859, 0), (705.6605767156691, -292.05350503382203, 298.1000061035156, 1) ),
        34: ( (0.3485720473218152, 0.9372819894918915, 0.0, 0), (-0.34809858107576785, 0.12945670186320057, 0.9284763541392637, 0), (0.870244164403827, -0.32364090365221787, 0.3713915182179859, 0), (702.9614921189186, -299.4291003412149, 298.1000061035156, 1) ),
        35: ( (0.3583679495453002, 0.9335804264972017, 0.0, 0), (-0.3467238519753905, 0.1330948168622956, 0.9284763541392637, 0), (0.8668073506899007, -0.3327361672341839, 0.3713915182179859, 0), (700.1853198729013, -306.7760270088287, 298.1000061035156, 1) ),
        36: ( (0.3681245526846779, 0.9297764858882515, 0.0, 0), (-0.34531110069742144, 0.13671833651487947, 0.9284763541392637, 0), (0.8632754817819402, -0.34179494254581705, 0.3713915182179859, 0), (697.3323644161886, -314.09347936336195, 298.1000061035156, 1) ),
        37: ( (0.3778407868184671, 0.9258705848099947, 0.0, 0), (-0.3438604821659584, 0.14032686346118886, 0.9284763541392637, 0), (0.8596489449891718, -0.3508162361903211, 0.3713915182179859, 0), (694.402938607496, -321.3806549637039, 298.1000061035156, 1) ),
        38: ( (0.38751558645210293, 0.9218631515885005, 0.0, 0), (-0.34237215545767047, 0.14392000198557967, 0.9284763541392637, 0), (0.8559281380022223, -0.3597990588811872, 0.3713915182179859, 0), (691.3973636913754, -328.6367546889307, 298.1000061035156, 1) ),
        39: ( (0.39714789063478056, 0.9177546256839811, 0.0, 0), (-0.3408462837843531, 0.14749735805992178, 0.9284763541392637, 0), (0.8521134688495074, -0.3687424255506801, 0.3713915182179859, 0), (688.3159692629858, -335.86098282593895, 298.1000061035156, 1) ),
        40: ( (0.40673664307580015, 0.9135454576426009, 0.0, 0), (-0.3392830344750303, 0.15105853938680847, 0.9284763541392637, 0), (0.8482053558524871, -0.37764535545786193, 0.3713915182179859, 0), (685.1590932319507, -343.0525471567036, 298.1000061035156, 1) ),
        41: ( (0.4162807922604011, 0.9092361090470685, 0.0, 0), (-0.33768257895760495, 0.15460315544257636, 0.9284763541392637, 0), (0.8442042275797922, -0.38650687229614145, 0.3713915182179859, 0), (681.9270817853014, -350.21065904515433, 298.1000061035156, 1) ),
        42: ( (0.42577929156507266, 0.9048270524660196, 0.0, 0), (-0.33604509274006017, 0.1581308175201308, 0.9284763541392637, 0), (0.8401105228002261, -0.3953260043003372, 0.3713915182179859, 0), (678.6202893495147, -357.334533523658, 298.1000061035156, 1) ),
        43: ( (0.43523109937232746, 0.9003187714021935, 0.0, 0), (-0.3343707553912124, 0.16164113877157177, 0.9284763541392637, 0), (0.8359246904346498, -0.4041017843532422, 0.3713915182179859, 0), (675.2390785516451, -364.4233893790991, 298.1000061035156, 1) ),
        44: ( (0.4446351791849274, 0.8957117602394129, 0.0, 0), (-0.33265975052102015, 0.1651337342506164, 0.9284763541392637, 0), (0.8316471895067523, -0.4128332500916796, 0.3713915182179859, 0), (671.7838201795597, -371.47644923854904, 298.1000061035156, 1) ),
        45: ( (0.45399049973954675, 0.8910065241883679, 0.0, 0), (-0.3309122657604485, 0.1686082209548124, 0.9284763541392637, 0), (0.8272784890927135, -0.42151944401203667, 0.3713915182179859, 0), (668.2548931412759, -378.4929396545136, 298.1000061035156, 1) ),
        46: ( (0.46329603511986167, 0.8862035792312147, 0.0, 0), (-0.329128492740894, 0.17206421786753873, 0.9284763541392637, 0), (0.8228190682697644, -0.43015941357526544, 0.3713915182179859, 0), (664.6526844234111, -385.4720911897498, 298.1000061035156, 1) ),
        47: ( (0.472550764869054, 0.8813034520649922, 0.0, 0), (-0.3273086270731694, 0.17550134599978842, 0.9284763541392637, 0), (0.8182694160636512, -0.4387522113113397, 0.3713915182179859, 0), (660.9775890487441, -392.413138501644, 298.1000061035156, 1) ),
        48: ( (0.4817536741017153, 0.8763066800438636, 0.0, 0), (-0.3254528683260533, 0.17891922843172883, 0.9284763541392637, 0), (0.8136300313950087, -0.44729689492315566, 0.3713915182179859, 0), (657.2300100328977, -399.31532042614003, 298.1000061035156, 1) ),
        49: ( (0.49090375361514077, 0.8712138111201895, 0.0, 0), (-0.32356142000440474, 0.18231749035403522, 0.9284763541392637, 0), (0.8089014230246466, -0.45579252738986525, 0.3713915182179859, 0), (653.4103583401421, -406.17788006120907, 298.1000061035156, 1) ),
        50: ( (0.5, 0.8660254037844386, 0.0, 0), (-0.3216344895268469, 0.18569575910899294, 0.9284763541392637, 0), (0.8040841094977592, -0.46423817706963183, 0.3713915182179859, 0), (649.519052838329, -413.0000648498535, 298.1000061035156, 1) ),
        51: ( (0.5090414157503713, 0.8607420270039436, 0.0, 0), (-0.31967228820302124, 0.18905366423136336, 0.9284763541392637, 0), (0.7991786190870612, -0.4726329178017939, 0.3713915182179859, 0), (645.5565202529577, -419.781126662632, 298.1000061035156, 1) ),
        52: ( (0.5180270093731302, 0.8553642601605066, 0.0, 0), (-0.3176750312104148, 0.19239083748900962, 0.9284763541392637, 0), (0.7941854897348558, -0.48097582900843006, 0.3713915182179859, 0), (641.5231951203799, -426.52032187970116, 298.1000061035156, 1) ),
        53: ( (0.5269557954966776, 0.849892692986864, 0.0, 0), (-0.315642937570764, 0.19570691292327758, 0.9284763541392637, 0), (0.789105268994044, -0.4892659957953106, 0.3713915182179859, 0), (637.419519740148, -433.2169114723617, 298.1000061035156, 1) ),
        54: ( (0.5358267949789967, 0.8443279255020151, 0.0, 0), (-0.31357623012603586, 0.19900152688912703, 0.9284763541392637, 0), (0.7839385139680788, -0.49750250905222554, 0.3713915182179859, 0), (633.2459441265113, -439.870161084101, 298.1000061035156, 1) ),
        55: ( (0.5446390350150271, 0.838670567945424, 0.0, 0), (-0.31147513551399153, 0.20227431809500968, 0.9284763541392637, 0), (0.7786857912498729, -0.5056844655526791, 0.3713915182179859, 0), (629.0029259590681, -446.4793411111238, 298.1000061035156, 1) ),
        56: ( (0.5533915492433441, 0.8329212407100994, 0.0, 0), (-0.3093398841433323, 0.20552492764248886, 0.9284763541392637, 0), (0.7733476768596651, -0.5138109680529389, 0.3713915182179859, 0), (624.6909305325746, -453.0437267823616, 298.1000061035156, 1) ),
        57: ( (0.5620833778521306, 0.8270805742745618, 0.0, 0), (-0.30717071016843317, 0.2087529990655966, 0.9284763541392637, 0), (0.7679247561818536, -0.5218811253904283, 0.3713915182179859, 0), (620.3104307059214, -459.56259823895147, 298.1000061035156, 1) ),
        58: ( (0.5707135676844316, 0.821149209133704, 0.0, 0), (-0.30496785146366473, 0.2119581783699243, 0.9284763541392637, 0), (0.7624176239008013, -0.529894052581453, 0.3713915182179859, 0), (615.861906850278, -466.0352406131772, 298.1000061035156, 1) ),
        59: ( (0.5792811723426788, 0.8151277957285542, 0.0, 0), (-0.302731549597308, 0.21514011407144223, 0.9284763541392637, 0), (0.7568268839356225, -0.537848870918249, 0.3713915182179859, 0), (611.3458467964157, -472.46094410686266, 298.1000061035156, 1) ),
        60: ( (0.5877852522924731, 0.8090169943749475, 0.0, 0), (-0.30046204980506347, 0.21829845723504346, 0.9284763541392637, 0), (0.7511531493739564, -0.5457447080653427, 0.3713915182179859, 0), (606.7627457812106, -478.8390040692084, 298.1000061035156, 1) ),
        61: ( (0.5962248749656158, 0.8028174751911146, 0.0, 0), (-0.29815960096315824, 0.22143286151280886, 0.9284763541392637, 0), (0.7453970424047348, -0.5535806981552133, 0.3713915182179859, 0), (602.1131063933359, -485.1687210740654, 298.1000061035156, 1) ),
        62: ( (0.6045991148623748, 0.7965299180241963, 0.0, 0), (-0.2958244555610541, 0.22454298318198782, 0.9284763541392637, 0), (0.7395591942499523, -0.5613559818832436, 0.3713915182179859, 0), (597.3974385181472, -491.44940099663467, 298.1000061035156, 1) ),
        63: ( (0.6129070536529765, 0.7901550123756903, 0.0, 0), (-0.29345686967375906, 0.22762848118269147, 0.9284763541392637, 0), (0.7336402450954457, -0.5690697066019537, 0.3713915182179859, 0), (592.6162592817677, -497.6803550895859, 298.1000061035156, 1) ),
        64: ( (0.6211477802783103, 0.7836934573258398, 0.0, 0), (-0.291057102933746, 0.23068901715529358, 0.9284763541392637, 0), (0.7276408440206904, -0.576721026414502, 0.3713915182179859, 0), (587.7700929943799, -503.86090005858625, 298.1000061035156, 1) ),
        65: ( (0.6293203910498374, 0.7771459614569709, 0.0, 0), (-0.28862541850248075, 0.2337242554775357, 0.9284763541392637, 0), (0.7215616489276211, -0.5843091022674487, 0.3713915182179859, 0), (582.8594710927282, -509.99035813723157, 298.1000061035156, 1) ),
        66: ( (0.6374239897486896, 0.7705132427757893, 0.0, 0), (-0.28616208304156393, 0.23673386330133173, 0.9284763541392637, 0), (0.7154033264684861, -0.5918331020427667, 0.3713915182179859, 0), (577.884932081842, -516.0680571613707, 298.1000061035156, 1) ),
        67: ( (0.6454576877239505, 0.7637960286346422, 0.0, 0), (-0.283667366683488, 0.2397175105892686, 0.9284763541392637, 0), (0.7091665519727413, -0.5992922006490929, 0.3713915182179859, 0), (572.8470214759817, -522.0933306428165, 298.1000061035156, 1) ),
        68: ( (0.6534206039901054, 0.7569950556517564, 0.0, 0), (-0.28114154300201455, 0.24267487015079856, 0.9284763541392637, 0), (0.7028520093729917, -0.6066855801122086, 0.3713915182179859, 0), (567.7462917388173, -528.0655178424325, 298.1000061035156, 1) ),
        69: ( (0.6613118653236518, 0.7501110696304596, 0.0, 0), (-0.2785848889821737, 0.24560561767811925, 0.9284763541392637, 0), (0.6964603911299925, -0.61401242966474, 0.3713915182179859, 0), (562.5833022228447, -533.9839638425924, 298.1000061035156, 1) ),
        70: ( (0.6691306063588581, 0.7431448254773944, 0.0, 0), (-0.27599768498988964, 0.2485094317817378, 0.9284763541392637, 0), (0.6899923981567105, -0.6212719458350674, 0.3713915182179859, 0), (557.3586191080458, -539.8480196189971, 298.1000061035156, 1) ),
        71: ( (0.6768759696826607, 0.7360970871197343, 0.0, 0), (-0.27338021474123514, 0.25138599402571477, 0.9284763541392637, 0), (0.6834487397414628, -0.6284633325354356, 0.3713915182179859, 0), (552.0728153398007, -545.657042111849, 298.1000061035156, 1) ),
        72: ( (0.6845471059286886, 0.7289686274214116, 0.0, 0), (-0.27073276527131934, 0.25423498896258406, 0.9284763541392637, 0), (0.6768301334701354, -0.6355858011492531, 0.3713915182179859, 0), (546.7264705660587, -551.41039429637, 298.1000061035156, 1) ),
        73: ( (0.6921431738704068, 0.7217602280983623, 0.0, 0), (-0.26805562690281054, 0.2570561041679458, 0.9284763541392637, 0), (0.6701373051474907, -0.6426385706175738, 0.3713915182179859, 0), (541.3201710737717, -557.1074452526586, 298.1000061035156, 1) ),
        74: ( (0.6996633405133654, 0.7144726796328034, 0.0, 0), (-0.2653490932140995, 0.2598490302747264, 0.9284763541392637, 0), (0.6633709887175754, -0.6496208675247477, 0.3713915182179859, 0), (535.8545097246025, -562.7475702348776, 298.1000061035156, 1) ),
        75: ( (0.7071067811865475, 0.7071067811865476, 0.0, 0), (-0.26261346100710503, 0.262613461007105, 0.9284763541392637, 0), (0.6565319261832357, -0.6565319261832356, 0.3713915182179859, 0), (530.3300858899107, -568.3301507397641, 298.1000061035156, 1) ),
        76: ( (0.7144726796328033, 0.6996633405133655, 0.0, 0), (-0.25984903027472644, 0.26534909321409944, 0.9284763541392637, 0), (0.6496208675247478, -0.6633709887175753, 0.3713915182179859, 0), (524.7475053850242, -573.8545745744559, 298.1000061035156, 1) ),
        77: ( (0.7217602280983622, 0.6921431738704068, 0.0, 0), (-0.2570561041679458, 0.26805562690281054, 0.9284763541392637, 0), (0.6426385706175738, -0.6701373051474906, 0.3713915182179859, 0), (519.1073804028051, -579.3202359236251, 298.1000061035156, 1) ),
        78: ( (0.7289686274214114, 0.6845471059286887, 0.0, 0), (-0.2542349889625841, 0.2707327652713193, 0.9284763541392637, 0), (0.6355858011492532, -0.6768301334701353, 0.3713915182179859, 0), (513.4103294465166, -584.726535415912, 298.1000061035156, 1) ),
        79: ( (0.7360970871197343, 0.6768759696826607, 0.0, 0), (-0.25138599402571477, 0.27338021474123514, 0.9284763541392637, 0), (0.6284633325354356, -0.6834487397414628, 0.3713915182179859, 0), (507.65697726199556, -590.0728801896543, 298.1000061035156, 1) ),
        80: ( (0.7431448254773941, 0.6691306063588582, 0.0, 0), (-0.24850943178173784, 0.2759976849898896, 0.9284763541392637, 0), (0.6212719458350675, -0.6899923981567103, 0.3713915182179859, 0), (501.84795476914366, -595.3586839578991, 298.1000061035156, 1) ),
        81: ( (0.7501110696304595, 0.6613118653236519, 0.0, 0), (-0.2456056176781193, 0.27858488898217365, 0.9284763541392637, 0), (0.6140124296647401, -0.6964603911299924, 0.3713915182179859, 0), (495.98389899273894, -600.5833670726981, 298.1000061035156, 1) ),
        82: ( (0.7569950556517563, 0.6534206039901056, 0.0, 0), (-0.24267487015079864, 0.2811415430020145, 0.9284763541392637, 0), (0.6066855801122089, -0.7028520093729916, 0.3713915182179859, 0), (490.0654529925792, -605.7463565886708, 298.1000061035156, 1) ),
        83: ( (0.7637960286346422, 0.6454576877239505, 0.0, 0), (-0.2397175105892686, 0.283667366683488, 0.9284763541392637, 0), (0.5992922006490929, -0.7091665519727413, 0.3713915182179859, 0), (484.0932657929629, -610.8470863258352, 298.1000061035156, 1) ),
        84: ( (0.7705132427757893, 0.6374239897486897, 0.0, 0), (-0.23673386330133175, 0.28616208304156393, 0.9284763541392637, 0), (0.5918331020427668, -0.7154033264684861, 0.3713915182179859, 0), (478.0679923115173, -615.8849969316955, 298.1000061035156, 1) ),
        85: ( (0.7771459614569709, 0.6293203910498375, 0.0, 0), (-0.23372425547753573, 0.28862541850248075, 0.9284763541392637, 0), (0.5843091022674488, -0.7215616489276211, 0.3713915182179859, 0), (471.9902932873781, -620.8595359425817, 298.1000061035156, 1) ),
        86: ( (0.7836934573258397, 0.6211477802783104, 0.0, 0), (-0.2306890171552936, 0.2910571029337459, 0.9284763541392637, 0), (0.5767210264145021, -0.7276408440206903, 0.3713915182179859, 0), (465.8608352087328, -625.7701578442333, 298.1000061035156, 1) ),
        87: ( (0.7901550123756903, 0.6129070536529766, 0.0, 0), (-0.22762848118269152, 0.29345686967375906, 0.9284763541392637, 0), (0.5690697066019538, -0.7336402450954457, 0.3713915182179859, 0), (459.68029023973247, -630.6163241316212, 298.1000061035156, 1) ),
        88: ( (0.7965299180241961, 0.604599114862375, 0.0, 0), (-0.2245429831819879, 0.295824455561054, 0.9284763541392637, 0), (0.5613559818832439, -0.7395591942499522, 0.3713915182179859, 0), (453.44933614678126, -635.3975033680006, 298.1000061035156, 1) ),
        89: ( (0.8028174751911146, 0.5962248749656157, 0.0, 0), (-0.22143286151280883, 0.29815960096315824, 0.9284763541392637, 0), (0.5535806981552132, -0.7453970424047348, 0.3713915182179859, 0), (447.16865622421176, -640.1131712431894, 298.1000061035156, 1) ),
        90: ( (0.8090169943749475, 0.5877852522924731, 0.0, 0), (-0.21829845723504346, 0.30046204980506347, 0.9284763541392637, 0), (0.5457447080653427, -0.7511531493739564, 0.3713915182179859, 0), (440.83893921935487, -644.7628106310641, 298.1000061035156, 1) ),
        91: ( (0.8151277957285542, 0.5792811723426788, 0.0, 0), (-0.21514011407144223, 0.302731549597308, 0.9284763541392637, 0), (0.537848870918249, -0.7568268839356225, 0.3713915182179859, 0), (434.46087925700914, -649.3459116462692, 298.1000061035156, 1) ),
        92: ( (0.8211492091337039, 0.5707135676844318, 0.0, 0), (-0.2119581783699244, 0.30496785146366473, 0.9284763541392637, 0), (0.5298940525814532, -0.7624176239008011, 0.3713915182179859, 0), (428.0351757633239, -653.8619717001314, 298.1000061035156, 1) ),
        93: ( (0.8270805742745617, 0.5620833778521307, 0.0, 0), (-0.20875299906559663, 0.3071707101684331, 0.9284763541392637, 0), (0.5218811253904284, -0.7679247561818535, 0.3713915182179859, 0), (421.562533389098, -658.3104955557748, 298.1000061035156, 1) ),
        94: ( (0.8329212407100995, 0.5533915492433441, 0.0, 0), (-0.20552492764248886, 0.30933988414333236, 0.9284763541392637, 0), (0.5138109680529389, -0.7733476768596652, 0.3713915182179859, 0), (415.0436619325081, -662.6909953824281, 298.1000061035156, 1) ),
        95: ( (0.838670567945424, 0.5446390350150271, 0.0, 0), (-0.20227431809500968, 0.31147513551399153, 0.9284763541392637, 0), (0.5056844655526791, -0.7786857912498729, 0.3713915182179859, 0), (408.4792762612703, -667.0029908089216, 298.1000061035156, 1) ),
        96: ( (0.8443279255020151, 0.5358267949789965, 0.0, 0), (-0.19900152688912698, 0.31357623012603586, 0.9284763541392637, 0), (0.49750250905222543, -0.7839385139680788, 0.3713915182179859, 0), (401.8700962342474, -671.2460089763648, 298.1000061035156, 1) ),
        97: ( (0.8498926929868639, 0.5269557954966777, 0.0, 0), (-0.19570691292327763, 0.31564293757076395, 0.9284763541392637, 0), (0.4892659957953107, -0.7891052689940439, 0.3713915182179859, 0), (395.2168466225083, -675.4195845900015, 298.1000061035156, 1) ),
        98: ( (0.8553642601605066, 0.5180270093731303, 0.0, 0), (-0.19239083748900965, 0.3176750312104148, 0.9284763541392637, 0), (0.48097582900843017, -0.7941854897348558, 0.3713915182179859, 0), (388.5202570298477, -679.5232599702334, 298.1000061035156, 1) ),
        99: ( (0.8607420270039436, 0.5090414157503712, 0.0, 0), (-0.18905366423136333, 0.31967228820302124, 0.9284763541392637, 0), (0.4726329178017938, -0.7991786190870612, 0.3713915182179859, 0), (381.78106181277843, -683.5565851028113, 298.1000061035156, 1) ),
        100: ( (0.8660254037844387, 0.4999999999999999, 0.0, 0), (-0.1856957591089929, 0.3216344895268469, 0.9284763541392637, 0), (0.4642381770696317, -0.8040841094977593, 0.3713915182179859, 0), (374.99999999999994, -687.5191176881825, 298.1000061035156, 1) ),
        101: ( (0.8712138111201894, 0.49090375361514094, 0.0, 0), (-0.18231749035403527, 0.32356142000440474, 0.9284763541392637, 0), (0.4557925273898654, -0.8089014230246465, 0.3713915182179859, 0), (368.1778152113557, -691.4104231899955, 298.1000061035156, 1) ),
        102: ( (0.8763066800438636, 0.4817536741017153, 0.0, 0), (-0.17891922843172883, 0.3254528683260533, 0.9284763541392637, 0), (0.44729689492315566, -0.8136300313950087, 0.3713915182179859, 0), (361.3152555762865, -695.2300748827512, 298.1000061035156, 1) ),
        103: ( (0.8813034520649922, 0.47255076486905406, 0.0, 0), (-0.17550134599978845, 0.3273086270731694, 0.9284763541392637, 0), (0.43875221131133973, -0.8182694160636512, 0.3713915182179859, 0), (354.41307365179057, -698.9776538985976, 298.1000061035156, 1) ),
        104: ( (0.8862035792312147, 0.4632960351198618, 0.0, 0), (-0.17206421786753878, 0.329128492740894, 0.9284763541392637, 0), (0.43015941357526555, -0.8228190682697644, 0.3713915182179859, 0), (347.47202633989633, -702.6527492732646, 298.1000061035156, 1) ),
        105: ( (0.8910065241883678, 0.4539904997395468, 0.0, 0), (-0.1686082209548124, 0.33091226576044847, 0.9284763541392637, 0), (0.4215194440120367, -0.8272784890927134, 0.3713915182179859, 0), (340.4928748046601, -706.2549579911293, 298.1000061035156, 1) ),
        106: ( (0.8957117602394129, 0.4446351791849275, 0.0, 0), (-0.16513373425061642, 0.33265975052102015, 0.9284763541392637, 0), (0.4128332500916797, -0.8316471895067523, 0.3713915182179859, 0), (333.47638438869564, -709.7838850294132, 298.1000061035156, 1) ),
        107: ( (0.9003187714021935, 0.4352310993723275, 0.0, 0), (-0.1616411387715718, 0.3343707553912124, 0.9284763541392637, 0), (0.40410178435324223, -0.8359246904346498, 0.3713915182179859, 0), (326.42332452924563, -713.2391434014986, 298.1000061035156, 1) ),
        108: ( (0.9048270524660196, 0.42577929156507266, 0.0, 0), (-0.1581308175201308, 0.33604509274006017, 0.9284763541392637, 0), (0.3953260043003372, -0.8401105228002261, 0.3713915182179859, 0), (319.3344686738045, -716.6203541993682, 298.1000061035156, 1) ),
        109: ( (0.9092361090470684, 0.4162807922604014, 0.0, 0), (-0.15460315544257647, 0.3376825789576049, 0.9284763541392637, 0), (0.38650687229614167, -0.8442042275797921, 0.3713915182179859, 0), (312.21059419530104, -719.9271466351548, 298.1000061035156, 1) ),
        110: ( (0.9135454576426009, 0.4067366430758002, 0.0, 0), (-0.15105853938680847, 0.3392830344750303, 0.9284763541392637, 0), (0.37764535545786193, -0.8482053558524871, 0.3713915182179859, 0), (305.05248230685015, -723.1591580818042, 298.1000061035156, 1) ),
        111: ( (0.9177546256839811, 0.39714789063478056, 0.0, 0), (-0.14749735805992178, 0.3408462837843531, 0.9284763541392637, 0), (0.3687424255506801, -0.8521134688495074, 0.3713915182179859, 0), (297.86091797608543, -726.3160341128394, 298.1000061035156, 1) ),
        112: ( (0.9218631515885005, 0.38751558645210293, 0.0, 0), (-0.14392000198557967, 0.34237215545767047, 0.9284763541392637, 0), (0.3597990588811872, -0.8559281380022223, 0.3713915182179859, 0), (290.6366898390772, -729.3974285412289, 298.1000061035156, 1) ),
        113: ( (0.9258705848099947, 0.3778407868184673, 0.0, 0), (-0.14032686346118892, 0.3438604821659584, 0.9284763541392637, 0), (0.35081623619032126, -0.8596489449891718, 0.3713915182179859, 0), (283.3805901138505, -732.4030034573495, 298.1000061035156, 1) ),
        114: ( (0.9297764858882513, 0.3681245526846781, 0.0, 0), (-0.13671833651487952, 0.3453111006974214, 0.9284763541392637, 0), (0.3417949425458172, -0.8632754817819401, 0.3713915182179859, 0), (276.09341451350855, -735.332429266042, 298.1000061035156, 1) ),
        115: ( (0.9335804264972017, 0.35836794954530016, 0.0, 0), (-0.1330948168622956, 0.3467238519753905, 0.9284763541392637, 0), (0.33273616723418387, -0.8668073506899007, 0.3713915182179859, 0), (268.7759621589751, -738.1853847227549, 298.1000061035156, 1) ),
        116: ( (0.9372819894918915, 0.3485720473218153, 0.0, 0), (-0.1294567018632006, 0.34809858107576785, 0.9284763541392637, 0), (0.3236409036522179, -0.870244164403827, 0.3713915182179859, 0), (261.42903549136145, -740.9615569687721, 298.1000061035156, 1) ),
        117: ( (0.9408807689542255, 0.3387379202452915, 0.0, 0), (-0.12580439047790182, 0.3494351372440158, 0.9284763541392637, 0), (0.3145101491980649, -0.8735855460383661, 0.3713915182179859, 0), (254.0534401839686, -743.6606415655226, 298.1000061035156, 1) ),
        118: ( (0.944376370237481, 0.3288666467385833, 0.0, 0), (-0.12213828322350048, 0.3507333739116888, 0.9284763541392637, 0), (0.305344905161845, -0.8768311291733678, 0.3713915182179859, 0), (246.64998505393746, -746.2823425279643, 298.1000061035156, 1) ),
        119: ( (0.9477684100095857, 0.31895930929807004, 0.0, 0), (-0.11845878212997037, 0.35199314871250653, 0.9284763541392637, 0), (0.2961461766158498, -0.8799805578940669, 0.3713915182179859, 0), (239.21948197355252, -748.8263723570427, 298.1000061035156, 1) ),
        120: ( (0.9510565162951535, 0.30901699437494745, 0.0, 0), (-0.11476629069607054, 0.3532143234979657, 0.9284763541392637, 0), (0.28691497230432456, -0.8830334868301134, 0.3713915182179859, 0), (231.76274578121058, -751.2924520712187, 298.1000061035156, 1) ),
        121: ( (0.9542403285162768, 0.2990407922560867, 0.0, 0), (-0.11106121384509736, 0.3543967643524897, 0.9284763541392637, 0), (0.27765230453284834, -0.885989581193446, 0.3713915182179859, 0), (224.28059419206502, -753.6803112370611, 298.1000061035156, 1) ),
        122: ( (0.9573194975320672, 0.2890317969444716, 0.0, 0), (-0.10734395788047993, 0.3555403416081138, 0.9284763541392637, 0), (0.268359189057323, -0.8888485168150057, 0.3713915182179859, 0), (216.7738477083537, -755.989687998904, 298.1000061035156, 1) ),
        123: ( (0.9602936856769431, 0.2789911060392293, 0.0, 0), (-0.10361493044122445, 0.3566449298587052, 0.9284763541392637, 0), (0.2590366449725843, -0.8916099801802841, 0.3713915182179859, 0), (209.24332952942197, -758.2203291075608, 298.1000061035156, 1) ),
        124: ( (0.9631625667976582, 0.2689198206152657, 0.0, 0), (-0.09987454045721195, 0.3577104079737145, 0.9284763541392637, 0), (0.24968569460064668, -0.8942736684637047, 0.3713915182179859, 0), (201.68986546144927, -760.3719899480972, 298.1000061035156, 1) ),
        125: ( (0.9659258262890682, 0.25881904510252096, 0.0, 0), (-0.09612319810435463, 0.3587366591114595, 0.9284763541392637, 0), (0.24030736337859432, -0.8968392895618298, 0.3713915182179859, 0), (194.11428382689073, -762.4444345666546, 298.1000061035156, 1) ),
        126: ( (0.9685831611286311, 0.24868988716485474, 0.0, 0), (-0.092361314759615, 0.35972357073193834, 0.9284763541392637, 0), (0.23090267974612919, -0.8993065621253944, 0.3713915182179859, 0), (186.51741537364106, -764.4374356963268, 298.1000061035156, 1) ),
        127: ( (0.9711342799096361, 0.23853345757858083, 0.0, 0), (-0.08858930295589466, 0.3606710346091702, 0.9284763541392637, 0), (0.22147267503279344, -0.9016752155901581, 0.3713915182179859, 0), (178.9000931839356, -766.3507747820805, 298.1000061035156, 1) ),
        128: ( (0.9735789028731602, 0.22835087011065588, 0.0, 0), (-0.08480757633679459, 0.36157894684306396, 0.9284763541392637, 0), (0.21201838334487033, -0.903944990206576, 0.3713915182179859, 0), (171.26315258299192, -768.1842420047236, 298.1000061035156, 1) ),
        129: ( (0.9759167619387473, 0.2181432413965427, 0.0, 0), (-0.08101654961125458, 0.3624472078708121, 0.9284763541392637, 0), (0.20254084145198326, -0.9061156370682838, 0.3713915182179859, 0), (163.60743104740703, -769.937636303914, 298.1000061035156, 1) ),
        130: ( (0.9781476007338056, 0.20791169081775945, 0.0, 0), (-0.07721663850807615, 0.3632757224778083, 0.9284763541392637, 0), (0.1930410886734031, -0.9081869181393919, 0.3713915182179859, 0), (155.9337681133196, -771.6107654002077, 298.1000061035156, 1) ),
        131: ( (0.9802711746217219, 0.19765734037912605, 0.0, 0), (-0.07340825973033283, 0.36406439980808963, 0.9284763541392637, 0), (0.18352016676407443, -0.9101586062805898, 0.3713915182179859, 0), (148.24300528434455, -773.203445816145, 298.1000061035156, 1) ),
        132: ( (0.9822872507286886, 0.18738131458572474, 0.0, 0), (-0.06959183090967433, 0.36481315337429904, 0.9284763541392637, 0), (0.17397911980037614, -0.9120304852740536, 0.3713915182179859, 0), (140.53598593929357, -774.71550289637, 298.1000061035156, 1) ),
        133: ( (0.9841956079692419, 0.17708474031958338, 0.0, 0), (-0.06576777056052785, 0.36552190106717036, 0.9284763541392637, 0), (0.16441899406562505, -0.9138023498471577, 0.3713915182179859, 0), (132.81355523968753, -776.146770826785, 298.1000061035156, 1) ),
        134: ( (0.9859960370705049, 0.16676874671610234, 0.0, 0), (-0.06193649803420399, 0.3661905651645323, 0.9284763541392637, 0), (0.154840837935341, -0.9154740056949846, 0.3713915182179859, 0), (125.07656003707676, -777.4970926527321, 298.1000061035156, 1) ),
        135: ( (0.9876883405951378, 0.15643446504023092, 0.0, 0), (-0.0580984334729098, 0.36681907233983135, 0.9284763541392637, 0), (0.14524570176227972, -0.9170452695016328, 0.3713915182179859, 0), (117.32584878017319, -778.7663202962068, 298.1000061035156, 1) ),
        136: ( (0.9892723329629883, 0.14608302856241165, 0.0, 0), (-0.05425399776367546, 0.3674073536701731, 0.9284763541392637, 0), (0.1356346377612499, -0.9185159689603191, 0.3713915182179859, 0), (109.56227142180873, -779.9543145720947, 298.1000061035156, 1) ),
        137: ( (0.9907478404714436, 0.1357155724343044, 0.0, 0), (-0.050403612492199344, 0.3679553446438803, 0.9284763541392637, 0), (0.1260086998937261, -0.9198859427922748, 0.3713915182179859, 0), (101.7866793257283, -781.0609452034362, 298.1000061035156, 1) ),
        138: ( (0.9921147013144779, 0.12533323356430426, 0.0, 0), (-0.04654769989661638, 0.36846298516756754, 0.9284763541392637, 0), (0.11636894375227001, -0.921155040764431, 0.3713915182179859, 0), (93.99992517322819, -782.086090835712, 298.1000061035156, 1) ),
        139: ( (0.9933727656003964, 0.11493715049286661, 0.0, 0), (-0.04268668282119485, 0.36893021957273064, 0.9284763541392637, 0), (0.10671642644477267, -0.9223231237058934, 0.3713915182179859, 0), (86.20286286964996, -783.0296390501509, 298.1000061035156, 1) ),
        140: ( (0.9945218953682733, 0.10452846326765368, 0.0, 0), (-0.03882098466996687, 0.3693569966218519, 0.9284763541392637, 0), (0.09705220647853104, -0.9233900635232046, 0.3713915182179859, 0), (78.39634745074027, -783.8914863760585, 298.1000061035156, 1) ),
        141: ( (0.99556196460308, 0.0941083133185145, 0.0, 0), (-0.034951029360297, 0.3697432695140186, 0.9284763541392637, 0), (0.08737734364416985, -0.9243557432143904, 0.3713915182179859, 0), (70.58123498888588, -784.6715383021635, 298.1000061035156, 1) ),
        142: ( (0.9964928592495044, 0.08367784333231544, 0.0, 0), (-0.031077241276395398, 0.3700889958900552, 0.9284763541392637, 0), (0.07769289889942474, -0.9252200568817902, 0.3713915182179859, 0), (62.75838249923658, -785.3697092869818, 298.1000061035156, 1) ),
        143: ( (0.9973144772244581, 0.07323819712763163, 0.0, 0), (-0.027200045222779246, 0.3703941378371684, 0.9284763541392637, 0), (0.06799993425279612, -0.9259829097436706, 0.3713915182179859, 0), (54.928647845723724, -785.985922768197, 298.1000061035156, 1) ),
        144: ( (0.9980267284282716, 0.06279051952931353, 0.0, 0), (-0.023319866377687844, 0.37065866189310526, 0.9284763541392637, 0), (0.05829951264708726, -0.9266442181446186, 0.3713915182179859, 0), (47.09288964698514, -786.5201111710572, 298.1000061035156, 1) ),
        145: ( (0.9986295347545738, 0.052335956242943966, 0.0, 0), (-0.019437130246457036, 0.3708825390498221, 0.9284763541392637, 0), (0.04859269784284065, -0.9272039095647158, 0.3713915182179859, 0), (39.25196718220798, -786.9722159157839, 298.1000061035156, 1) ),
        146: ( (0.9991228300988584, 0.04187565372919975, 0.0, 0), (-0.015552262614858156, 0.37106574475666576, 0.9284763541392637, 0), (0.03888055430168564, -0.927661922627491, 0.3713915182179859, 0), (31.406740296899812, -787.3421874239973, 298.1000061035156, 1) ),
        147: ( (0.9995065603657316, 0.031410759078128174, 0.0, 0), (-0.011665689502405405, 0.371208258923066, 0.9284763541392637, 0), (0.029164147069607224, -0.9280182071066503, 0.3713915182179859, 0), (23.55806930859613, -787.6299851241522, 298.1000061035156, 1) ),
        148: ( (0.9997806834748455, 0.02094241988335705, 0.0, 0), (-0.00777783711563851, 0.37131006592073845, 0.9284763541392637, 0), (0.019444541660152977, -0.9282727239315857, 0.3713915182179859, 0), (15.706814912517789, -787.8355774559876, 298.1000061035156, 1) ),
        149: ( (0.9999451693655121, 0.010471784116245868, 0.0, 0), (-0.0038891318013835425, 0.3713711545853986, 0.9284763541392637, 0), (0.009722803937585416, -0.9284254451916593, 0.3713915182179859, 0), (7.853838087184402, -787.9589418739877, 298.1000061035156, 1) ),
        150: ( (1.0, 6.123233995736766e-17, 0.0, 0), (-2.2741171700806615e-17, 0.3713915182179859, 0.9284763541392637, 0), (5.685277975903268e-17, -0.9284763541392637, 0.3713915182179859, 0), (4.5924254968025744e-14, -788.0000648498535, 298.1000061035156, 1) ),
