#usda 1.0
(
    defaultPrim = "Base_Camera"
    endTimeCode = 100
    framesPerSecond = 60
    metersPerUnit = 1
    startTimeCode = 1
    subLayers = [
        @./Base_Camera.usda@
    ]
    upAxis = "Z"
)

over "Base_Camera"
{
    float focalLength = 20
    float horizontalAperture = 15
    float verticalAperture = 15.2908
    matrix4d xformOp:transform:transform11.timeSamples = {
        1: ( (0.03140991387439063, 0.9995065869269714, -1.734723475976807e-18, 0), (-0.37122184931162366, 0.011665802374569097, 0.9284709191184265, 0), (0.9280127994290065, -0.02916319160438608, 0.37140510544604033, 0), (749.5958862304688, -61.55573272705078, 298.1000061035156, 1) ),
        2: ( (0.06278687454847211, 0.9980269577443459, -3.469446951953614e-18, 0), (-0.3706714668461551, 0.02331931287724731, 0.9284712560510706, 0), (0.9266393430297216, -0.05829580827554089, 0.37140426315128267, 0), (748.4880981445312, -85.08850002288818, 298.1000061035156, 1) ),
        3: ( (0.09410399762815717, 0.9955623725464918, 0, 0), (-0.3697523573003594, 0.03495027123754985, 0.9284727636345877, 0), (0.9243525474088483, -0.08737299874687778, 0.3714004943302458, 0), (746.6482543945312, -108.57514953613281, 298.10003662109375, 1) ),
        4: ( (0.12532716635451283, 0.9921154677624718, 0, 0), (-0.3684765493354169, 0.04654712409680211, 0.9284709999930967, 0), (0.9211504404620411, -0.11636263947147571, 0.37140490326841274, 0), (744.0516967773438, -131.990966796875, 298.1000061035156, 1) ),
        5: ( (0.15642700325757244, 0.9876895223965148, 0, 0), (-0.3668310603184567, 0.05809749133329114, 0.9284716768358715, 0), (0.9170417470527131, -0.14523804201696863, 0.3714032112321931, 0), (740.7380981445312, -155.31585693359375, 298.10003662109375, 1) ),
        6: ( (0.18737181460555843, 0.9822890628992161, 0, 0), (-0.3648254592499966, 0.06959052166601562, 0.9284716170014465, 0), (0.9120275145928708, -0.1739694116873181, 0.37140336081236414, 0), (736.689453125, -178.5243377685547, 298.10003662109375, 1) ),
        7: ( (0.21813355450782854, 0.9759189271644342, 0, 0), (-0.36246115485803015, 0.08101588961894661, 0.9284709671541883, 0), (0.90611239016844, -0.20253067232266442, 0.3714049853620253, 0), (731.9046630859375, -201.5923614501953, 298.1000061035156, 1) ),
        8: ( (0.24867922085686797, 0.9685858997084467, 0, 0), (-0.35973393621344885, 0.09235975353374698, 0.9284724934340078, 0), (0.8993053654073233, -0.23089181625420252, 0.3714011698102689, 0), (726.4144897460938, -224.50260734558105, 298.10003662109375, 1) ),
        9: ( (0.278978317873208, 0.9602974008902843, -2.775557561562892e-17, 0), (-0.35665875172075195, 0.10361379559870494, 0.9284711714332464, 0), (0.8916084527289041, -0.259023325600214, 0.3714044746867964, 0), (720.1932983398438, -247.2255401611328, 298.10003662109375, 1) ),
        10: ( (0.30900389971688086, 0.951060770907811, -2.7755575615628914e-17, 0), (-0.353229676662397, 0.11476590237259797, 0.9284705612875304, 0), (0.8830319277833266, -0.2869010242101681, 0.37140599998171575, 0), (713.2626342773438, -269.7417907714844, 298.1000061035156, 1) ),
        11: ( (0.3387230992563663, 0.9408861047067077, -1.3877787807814457e-17, 0), (-0.34944462187971975, 0.12580158719472675, 0.9284731643395124, 0), (0.8735874989201148, -0.31449530780144513, 0.37139949259708577, 0), (705.6444702148438, -292.03521728515625, 298.10003662109375, 1) ),
        12: ( (0.3681090887027404, 0.9297826083630721, 1.387778780781446e-17, 0), (-0.3453258805849972, 0.13671754457895424, 0.9284709738072041, 0), (0.8632761638158639, -0.34177860405511584, 0.3714049687302286, 0), (697.3062133789062, -314.06927490234375, 298.10003662109375, 1) ),
        13: ( (0.39713007641538456, 0.9177623343798278, -2.7755575615628914e-17, 0), (-0.3408617769656685, 0.1474962073105046, 0.9284708492100457, 0), (0.8521155739746327, -0.36872369929624244, 0.3714052802090682, 0), (688.291015625, -335.8348083496094, 298.1000061035156, 1) ),
        14: ( (0.4257629981177887, 0.9048347194011467, 0, 0), (-0.3360557327239933, 0.15812843299595467, 0.9284729092340733, 0), (0.8401145242983791, -0.39530940950664456, 0.37140013034248676, 0), (678.60693359375, -357.31280517578125, 298.10003662109375, 1) ),
        15: ( (0.4539737277252899, 0.8910150697576357, 0, 0), (-0.3309277118158094, 0.16860824473090905, 0.9284708446478621, 0), (0.8272815144118457, -0.42150137042903846, 0.37140529161400687, 0), (668.2302856445312, -378.4646301269531, 298.10003662109375, 1) ),
        16: ( (0.4817382114013581, 0.8763151805576692, 2.7755575615628914e-17, 0), (-0.3254662767297326, 0.17891912122698037, 0.9284716747273717, 0), (0.8136338232813982, -0.4472802839199876, 0.37140321650323627, 0), (657.2095947265625, -399.28826904296875, 298.1000061035156, 1) ),
        17: ( (0.509025555623005, 0.8607514064598971, 0, 0), (-0.3196842339707604, 0.1890527783046528, 0.9284724215429448, 0), (0.7991839427023163, -0.4726161902565344, 0.3714013495319855, 0), (645.5413208007812, -419.7560119628906, 298.10003662109375, 1) ),
        18: ( (0.5358104825143808, 0.844338277485811, 0, 0), (-0.31359180816052895, 0.19900291449936522, 0.9284707953809685, 0), (0.7839434320678479, -0.49748438487358765, 0.37140541477559486, 0), (633.2235107421875, -439.83941650390625, 298.1000061035156, 1) ),
        19: ( (0.5620681771450737, 0.8270909044602135, -2.7755575615628914e-17, 0), (-0.3071838872626629, 0.20875370123281095, 0.9284718367445519, 0), (0.7679306112188872, -0.5218644728095487, 0.3714028114758935, 0), (620.2952270507812, -459.53564453125, 298.1000061035156, 1) ),
        20: ( (0.5877708258360574, 0.8090274756125401, -2.7755575615628907e-17, 0), (-0.3004749231673762, 0.2182996240015178, 0.9284719137961877, 0), (0.7511592885956736, -0.54572870353757, 0.3714026188540472, 0), (606.7470092773438, -478.8106117248535, 298.10003662109375, 1) ),
        21: ( (0.612892991909864, 0.7901659195813088, 0, 0), (-0.2934717323579624, 0.2276316449855871, 0.9284708808077785, 0), (0.733646047337946, -0.5690532960394661, 0.3714052012183296, 0), (592.5968017578125, -497.64801025390625, 298.1000061035156, 1) ),
        22: ( (0.6374104851499522, 0.7705244145521298, 0, 0), (-0.2861737852435047, 0.23673509605180668, 0.9284724330515938, 0), (0.7154106779048709, -0.591818063999773, 0.37140132076132104, 0), (577.8750610351562, -516.0427894592285, 298.1000061035156, 1) ),
        23: ( (0.6612984671210717, 0.7501228815223016, -2.775557561562892e-17, 0), (-0.27859881184804247, 0.2456090485374494, 0.9284712689757222, 0), (0.6964675436947366, -0.6139966269396013, 0.3714042308410233, 0), (562.56787109375, -533.9527587890625, 298.10003662109375, 1) ),
        24: ( (0.6845352044311143, 0.7289798034887198, 0, 0), (-0.27074673910018177, 0.2542397930807261, 0.9284709639406542, 0), (0.6768365808384403, -0.6355710611094695, 0.37140499339550126, 0), (546.7105102539062, -551.3774452209473, 298.1000061035156, 1) ),
        25: ( (0.7070945740525634, 0.7071189881097976, 0, 0), (-0.262623215871436, 0.26261414851738224, 0.9284734005257422, 0), (0.6565411714666256, -0.6565185036638848, 0.37139890214722576, 0), (530.326114654541, -568.3074951171875, 298.10003662109375, 1) ),
        26: ( (0.7289564288782537, 0.6845600958258256, 2.7755575615628914e-17, 0), (-0.2542493069980022, 0.270738344236165, 0.9284708066769226, 0), (0.6355940643902357, -0.676814763552921, 0.3714053865370083, 0), (513.3963623046875, -584.6928100585938, 298.1000061035156, 1) ),
        27: ( (0.750100022000607, 0.6613243961889573, 2.7755575615628926e-17, 0), (-0.24561870634390073, 0.27859035307640284, 0.9284712522564788, 0), (0.6140206902773209, -0.6964463067445158, 0.3714042726373596, 0), (495.9722595214844, -600.5506591796875, 298.1000061035156, 1) ),
        28: ( (0.7705020489833246, 0.6374375204774962, -2.7755575615628914e-17, 0), (-0.23674524273179198, 0.2861656064350547, 0.9284723667064746, 0), (0.5918431232652478, -0.7153898609717354, 0.37140148661856176, 0), (478.063045501709, -615.8582763671875, 298.10003662109375, 1) ),
        29: ( (0.7901442976804142, 0.6129208667055847, 2.7755575615628907e-17, 0), (-0.22764230018502213, 0.29346409165157145, 0.9284706834777231, 0), (0.5690790560278925, -0.7336258161133596, 0.3714056945207082, 0), (459.6688537597656, -630.5806274414062, 298.1000061035156, 1) ),
        30: ( (0.8090069549896567, 0.5877990700727278, 0, 0), (-0.2183103836516645, 0.3004676729053084, 0.9284717302797817, 0), (0.5457548196472722, -0.751140087307624, 0.37140307762762054, 0), (440.83203125, -644.7315063476562, 298.10003662109375, 1) ),
        31: ( (0.8270703537020135, 0.5620984166738296, 2.7755575615628914e-17, 0), (-0.20876498921735664, 0.3071763384325418, 0.9284717962244483, 0), (0.521892526584069, -0.7679114969056983, 0.37140291277229703, 0), (421.5577392578125, -658.2801513671875, 298.1000061035156, 1) ),
        32: ( (0.8443188633344764, 0.5358410744032021, 2.7755575615628914e-17, 0), (-0.19901446419946758, 0.31358489340736173, 0.9284706552530847, 0), (0.4975127134626579, -0.7839252882827009, 0.3714057650789868, 0), (401.86199951171875, -671.209228515625, 298.1000061035156, 1) ),
        33: ( (0.8607338252880558, 0.5090552838395753, -2.775557561562892e-17, 0), (-0.18906396814736892, 0.31967795580117825, 0.9284723046613456, 0), (0.47264373258656595, -0.7991675184651771, 0.3714016417261095, 0), (381.7787780761719, -683.52783203125, 298.1000061035156, 1) ),
        34: ( (0.8762984724804138, 0.481768603302969, 2.775557561562892e-17, 0), (-0.17893050780012587, 0.3254602512293452, 0.928471592590813, 0), (0.44730846236895927, -0.8136182383287865, 0.3714034218365245, 0), (361.3116455078125, -695.1967163085938, 298.10003662109375, 1) ),
        35: ( (0.8909990864366353, 0.45400509685363805, 0, 0), (-0.16861982748662008, 0.33092164226102483, 0.9284709044777056, 0), (0.42153052291318566, -0.8272667276726322, 0.37140514204619085, 0), (340.4881591796875, -706.21826171875, 298.10003662109375, 1) ),
        36: ( (0.9048199471059908, 0.42579439089672383, 0, 0), (-0.1581398775401048, 0.3360497899698529, 0.9284731109691968, 0), (0.39533864274911545, -0.8401009911564834, 0.37139962601917303, 0), (319.3364562988281, -716.595703125, 298.0999755859375, 1) ),
        37: ( (0.9177485521623876, 0.3971619254206543, -2.7755575615628907e-17, 0), (-0.14750769520805154, 0.34085587022627506, 0.9284711926531147, 0), (0.36875340657172234, -0.8521030927818813, 0.3714044216394074, 0), (297.8587341308594, -726.2806396484375, 298.10003662109375, 1) ),
        38: ( (0.9297705087657007, 0.36813964881491673, -2.7755575615628914e-17, 0), (-0.13672877313018014, 0.34532107955606495, 0.9284711059653659, 0), (0.3418070268848871, -0.8632650525676709, 0.3714046383494024, 0), (276.09253120422363, -735.2969360351562, 298.1000061035156, 1) ),
        39: ( (0.9408750827472157, 0.33875371387694053, 0, 0), (-0.12581309838981786, 0.34944091978635977, 0.9284729979123878, 0), (0.31452367627727823, -0.8735771087393732, 0.37139990865317013, 0), (254.05789184570312, -743.6362915039062, 298.10003662109375, 1) ),
        40: ( (0.9510512573326902, 0.30903317932854546, -1.3877787807814457e-17, 0), (-0.11477675357888961, 0.3532260711970882, 0.9284705915991956, 0), (0.2869282188349549, -0.8830231235368418, 0.3714059242061704, 0), (231.76411056518555, -751.2554321289062, 298.10003662109375, 1) ),
        41: ( (0.9602889104601128, 0.2790075419183675, 0, 0), (-0.10362449996521882, 0.35665508353064024, 0.9284713858804214, 0), (0.2590505191160365, -0.8916007755405009, 0.37140393859151466, 0), (209.2467498779297, -758.1871337890625, 298.1000061035156, 1) ),
        42: ( (0.9685790155421097, 0.24870603259968926, -1.387778780781446e-17, 0), (-0.09236974142560145, 0.3597314961792369, 0.9284724452161277, 0), (0.23091669822783545, -0.8992989269454124, 0.37140129035099595, 0), (186.52293395996094, -764.4093017578125, 298.1000061035156, 1) ),
        43: ( (0.9759132083071163, 0.21815913882235421, 1.3877787807814454e-17, 0), (-0.08102552244467276, 0.3624596154467325, 0.9284707275314471, 0), (0.20255437434002518, -0.9061068465244569, 0.3714055843915454, 0), (163.61160278320312, -769.900390625, 298.1000061035156, 1) ),
        44: ( (0.9822841676169947, 0.18739747610090138, 0, 0), (-0.0695999421590602, 0.36482306310834345, 0.928471852387406, 0), (0.17399328176812856, -0.9120232006781723, 0.37140277237023805, 0), (140.54287719726562, -774.6858520507812, 298.1000061035156, 1) ),
        45: ( (0.9876856604819697, 0.15645138567074182, 0, 0), (-0.05810660408697276, 0.36682998613248324, 0.9284715309774026, 0), (0.14526065757724974, -0.9170380173121215, 0.3714035758638816, 0), (117.33321475982666, -778.7352294921875, 298.1000061035156, 1) ),
        46: ( (0.9921126971151262, 0.12534909741577682, 0, 0), (-0.046555374797868476, 0.368476354502298, 0.9284706636453985, 0), (0.11638295966497801, -0.9211475343015074, 0.37140574409919025, 0), (94.0068130493164, -782.0497436523438, 298.10003662109375, 1) ),
        47: ( (0.9955606407136545, 0.09412231755443413, 0, 0), (-0.03495713119683463, 0.3697523056814322, 0.9284725259380334, 0), (0.08738998592690717, -0.9243507028078937, 0.37140108855285814, 0), (70.58988952636719, -784.6469116210938, 298.1000061035156, 1) ),
        48: ( (0.9980258829377943, 0.06280395677213461, 0, 0), (-0.023325613116942322, 0.37067036573132967, 0.9284715373889073, 0), (0.0583116862983303, -0.9266386258851754, 0.3714035598357654, 0), (47.10115337371826, -786.4872436523438, 298.10003662109375, 1) ),
        49: ( (0.9995061649045575, 0.03142334033459135, 0, 0), (-0.011670800254068579, 0.3712220495689998, 0.9284707762418916, 0), (0.02917565319257117, -0.9280122647874905, 0.37140546262108115, 0), (23.56641960144043, -787.5955200195312, 298.10003662109375, 1) ),
        50: ( (0.9999999999396503, 0.00001098632812433698, 4.235164736271502e-22, 0), (-0.000004080310010509431, 0.3713988845121473, 0.928473407570989, 0), (0.000010200513510296147, -0.9284734075149559, 0.3713988845345611, 0), (0.008295059204101562, -787.981201171875, 298.1000061035156, 1) ),
        51: ( (0.9995068554543525, -0.03140136780065824, 1.7347234759768075e-18, 0), (0.011662632593357479, 0.37122208509216026, 0.9284708646698728, 0), (-0.029155255113693858, -0.9280129943271682, 0.3714052415612611, 0), (-23.549949645996094, -787.5960693359375, 298.10003662109375, 1) ),
        52: ( (0.9980272658093126, -0.0627819775189323, 0, 0), (0.02331748839611844, 0.3706714905961794, 0.9284712923909405, 0), (-0.05829126380586205, -0.9266396653273692, 0.3714041723054503, 0), (-47.084736824035645, -786.4883422851562, 298.1000061035156, 1) ),
        53: ( (0.9955626026213308, -0.0941015635462147, 0, 0), (0.03494936139427045, 0.369752381133873, 0.9284727883917567, 0), (-0.08737074109777805, -0.9243527856743815, 0.3714004324392154, 0), (-70.57356262207031, -784.6483764648438, 298.1000061035156, 1) ),
        54: ( (0.9921156243360921, -0.12532592687950125, 6.93889390390723e-18, 0), (0.04654679046032614, 0.36847761056488193, 0.9284705955549899, 0), (-0.11636143796829164, -0.9211501845867421, 0.3714059143171556, 0), (-93.9903564453125, -782.0517578125, 298.1000061035156, 1) ),
        55: ( (0.9876893300618045, -0.1564282176656876, -6.938893903907231e-18, 0), (0.058097988167128835, 0.36683127805858123, 0.9284715597199733, 0), (-0.14523915124027645, -0.9170414528012591, 0.37140350401034183, 0), (-117.31684970855713, -778.7378540039062, 298.1000061035156, 1) ),
        56: ( (0.9822883513690619, -0.18737554473476617, -1.3877787807814454e-17, 0), (0.06959193475811248, 0.36482534024860946, 0.9284715578460705, 0), (-0.17397286392214442, -0.9120267958496812, 0.3714035086949113, 0), (-140.52684020996094, -774.68896484375, 298.1000061035156, 1) ),
        57: ( (0.9759178441333256, -0.21813839987989717, 1.3877787807814457e-17, 0), (0.08101794243458244, 0.3624618854837492, 0.9284705028029874, 0), (-0.20253506981712724, -0.9061109314368763, 0.37140614618604234, 0), (-163.59609985351562, -769.9039306640625, 298.10003662109375, 1) ),
        58: ( (0.9685843351901472, -0.24868531445234285, 0, 0), (0.09236214686074705, 0.359733862093394, 0.9284722840724137, 0), (-0.2308974219248332, -0.8993037100107563, 0.37140169319667243, 0), (-186.50753784179688, -764.413330078125, 298.1000061035156, 1) ),
        59: ( (0.9602949216371105, -0.27898685180125565, 0, 0), (0.10361686749619861, 0.35665749482498393, 0.9284713114337145, 0), (-0.2590312881646752, -0.8916062852555441, 0.3714041247005184, 0), (-209.23135375976562, -758.1915893554688, 298.1000061035156, 1) ),
        60: ( (0.951057997422274, -0.30901243589722044, 1.3877787807814457e-17, 0), (0.11476906494533667, 0.35322862251810316, 0.9284705714052204, 0), (-0.2869089529288113, -0.8830293623061634, 0.37140597468870035, 0), (-231.74885368347168, -751.2603759765625, 298.10003662109375, 1) ),
        61: ( (0.940882148121929, -0.33873408943515604, 1.3877787807814457e-17, 0), (0.1258057561541433, 0.34944339465152424, 0.9284730613501413, 0), (-0.3145054770015119, -0.8735837284364646, 0.37139975006332016, 0), (-254.043212890625, -743.6415405273438, 298.10003662109375, 1) ),
        62: ( (0.9297778100003511, -0.36812120834169704, 1.3877787807814457e-17, 0), (0.13672182461781213, 0.34532353961634676, 0.9284712142333835, 0), (-0.3417899452940758, -0.8632719322182821, 0.3714043676910469, 0), (-276.078125, -735.3026733398438, 298.10003662109375, 1) ),
        63: ( (0.9177560327359343, -0.39714463911376, 0, 0), (0.14750112920839878, 0.34085831164296404, 0.9284713394963547, 0), (-0.3687374150517492, -0.8521101730451933, 0.37140405454685704, 0), (-297.8448791503906, -726.2867431640625, 298.1000061035156, 1) ),
        64: ( (0.904828910205248, -0.4257753436458987, 2.7755575615628914e-17, 0), (0.15813297036901322, 0.33605347369647126, 0.9284729541019533, 0), (-0.3953208910986819, -0.8401091712151176, 0.3714000181760794, 0), (-319.3226318359375, -716.602294921875, 298.10003662109375, 1) ),
        65: ( (0.8910083802895966, -0.4539868569173666, 0, 0), (0.16861313717723977, 0.3309252590966206, 0.9284708303781459, 0), (-0.4215135540228319, -0.8272752907213686, 0.3714053272866669, 0), (-340.4745178222656, -706.2252807617188, 298.10003662109375, 1) ),
        66: ( (0.8763089844558819, -0.48174948236806747, 0, 0), (0.17892383993785185, 0.32546494435274276, 0.9284712324565366, 0), (-0.44729053562957816, -0.8136276828104887, 0.3714043221351092, 0), (-361.29779052734375, -695.204345703125, 298.10003662109375, 1) ),
        67: ( (0.8607440020229863, -0.5090380761607657, 0, 0), (0.18905746065452206, 0.3196815384094819, 0.9284723962353489, 0), (-0.47262780234801816, -0.7991770461034862, 0.37140141279885996, 0), (-381.7652587890625, -683.535888671875, 298.10003662109375, 1) ),
        68: ( (0.8443303016760465, -0.5358230507095008, 2.775557561562892e-17, 0), (0.19900753660343026, 0.3135887737447833, 0.9284708295667008, 0), (-0.49749607239321053, -0.7839360556254616, 0.37140532931518705, 0), (-401.8487854003906, -671.2175903320312, 298.10003662109375, 1) ),
        69: ( (0.8270827228533654, -0.5620802163014308, 0, 0), (0.20875835779412524, 0.3071811210842695, 0.9284717049541743, 0), (-0.5218755767504005, -0.767922905825805, 0.3714031409391803, 0), (-421.5447692871094, -658.2890014648438, 298.0999755859375, 1) ),
        70: ( (0.809019299230987, -0.587782079917211, -2.775557561562892e-17, 0), (0.21830438093142132, 0.30047268080215844, 0.9284715210267427, 0), (-0.5457389217729953, -0.7511513792969841, 0.3714036007395282, 0), (-440.8194885253906, -644.7405395507812, 298.1000061035156, 1) ),
        71: ( (0.7901565687174159, -0.6129050472240538, 0, 0), (0.22763597705746155, 0.2934680720333628, 0.9284709756616606, 0), (-0.5690645471840734, -0.7336374402825291, 0.37140496409429447, 0), (-459.65679931640625, -630.5899658203125, 298.10003662109375, 1) ),
        72: ( (0.770515650484514, -0.6374210793176096, 0, 0), (0.23673906595788008, 0.2861705728290509, 0.9284724109504188, 0), (-0.5918278863046391, -0.7154025236803869, 0.3714013760124168, 0), (-478.05099868774414, -615.8683471679688, 298.1000061035156, 1) ),
        73: ( (0.7501131609609943, -0.6613094931672352, 0, 0), (0.24561318834401447, 0.27859525227750787, 0.928471241945554, 0), (-0.6140068464313677, -0.6964584981571597, 0.3714042984135759, 0), (-495.9607849121094, -600.560791015625, 298.10003662109375, 1) ),
        74: ( (0.7289709262086433, -0.6845446579606861, -2.7755575615628907e-17, 0), (0.2542434546971828, 0.2707436023315437, 0.9284708759784447, 0), (-0.6355797782231231, -0.6768282744197572, 0.3714052132911162, 0), (-513.385311126709, -584.7031860351562, 298.1000061035156, 1) ),
        75: ( (0.7071083070628199, -0.7071052553069824, 0, 0), (0.2626173262579606, 0.26261845967332187, 0.9284738470134373, 0), (-0.6565287366382927, -0.6565315701137753, 0.3713977859547204, 0), (-530.3153038024902, -568.3182983398438, 298.1000061035156, 1) ),
        76: ( (0.6845496892527716, -0.7289662015100109, 0, 0), (0.27074207603797296, 0.25424553790769877, 0.9284707505983554, 0), (-0.6768237962768318, -0.6355843638023918, 0.37140552672695465, 0), (-546.7001914978027, -551.3885498046875, 298.1000061035156, 1) ),
        77: ( (0.6613133703307833, -0.7501097427855076, 2.775557561562892e-17, 0), (0.27859391265861, 0.24561456654294883, 0.9284712793250453, 0), (-0.6964553525182409, -0.6140104709857798, 0.37140420496881, 0), (-562.5579223632812, -533.9639854431152, 298.10003662109375, 1) ),
        78: ( (0.6374254770543282, -0.7705120123671416, 0, 0), (0.28616848896110625, 0.23674009316681785, 0.9284727913154395, 0), (-0.7153994388645964, -0.5918322119362077, 0.3714004251302311, 0), (-577.865478515625, -516.0543174743652, 298.1000061035156, 1) ),
        79: ( (0.6129091071720029, -0.790153419498782, 2.7755575615628914e-17, 0), (0.29346766683816555, 0.2276380779060947, 0.9284705886606114, 0), (-0.7336342105342292, -0.5690680795314392, 0.3714059315522812, 0), (-592.5874633789062, -497.6600036621094, 298.10003662109375, 1) ),
        80: ( (0.5877867269602811, -0.8090159229640168, 0, 0), (0.3004710682237907, 0.2183058463057922, 0.9284716983458171, 0), (-0.7511483879832094, -0.5457433406459413, 0.37140315745942987, 0), (-606.738037109375, -478.822940826416, 298.10003662109375, 1) ),
        81: ( (0.5620849751794675, -0.8270794887297698, -2.7755575615628914e-17, 0), (0.307179933881531, 0.20876013474424837, 0.9284716982019977, 0), (-0.7679198974489694, -0.521879991438708, 0.37140315781896427, 0), (-620.2866821289062, -459.5481872558594, 298.10003662109375, 1) ),
        82: ( (0.5358285063729241, -0.84432683941597, -2.7755575615628914e-17, 0), (0.31358745177826114, 0.19900953997845736, 0.9284708466531297, 0), (-0.7839328554445067, -0.4975011469729508, 0.3714052866010667, 0), (-633.21533203125, -439.85235595703125, 298.10003662109375, 1) ),
        83: ( (0.5090430308643933, -0.8607410718261285, -2.7755575615628914e-17, 0), (0.3196803621064143, 0.18905924878108743, 0.9284724371427742, 0), (-0.7991743607072891, -0.47263242347720763, 0.37140131053371, 0), (-645.5336303710938, -419.76904296875, 298.1000061035156, 1) ),
        84: ( (0.481755200019333, -0.8763058411618243, -2.7755575615628907e-17, 0), (0.32546363520400795, 0.17892588558903774, 0.9284712971470744, 0), (-0.8136248210410771, -0.4472958754692984, 0.3714041604156165, 0), (-657.2022705078125, -399.3014831542969, 298.10003662109375, 1) ),
        85: ( (0.45399172091952983, -0.8910059019650339, 0, 0), (0.33092414171240536, 0.1686148433568166, 0.9284709187861858, 0), (-0.8272730684413893, -0.4215181102434775, 0.3714051062766046, 0), (-668.2233276367188, -378.4781799316406, 298.1000061035156, 1) ),
        86: ( (0.42578104609753453, -0.904826226843635, 0, 0), (0.33605222366591364, 0.1581349690039457, 0.9284730661399478, 0), (-0.8401067811613497, -0.3953262333744524, 0.3713997380891431, 0), (-678.6005249023438, -357.3264465332031, 298.10003662109375, 1) ),
        87: ( (0.3971494191682095, -0.9177539642269892, 0, 0), (0.3408590050563502, 0.14750353706225075, 0.928470702405908, 0), (-0.8521076678016393, -0.36874160017520585, 0.3714056472024621, 0), (-688.2849731445312, -335.8487854003906, 298.10003662109375, 1) ),
        88: ( (0.368125105354297, -0.9297762670706796, 2.7755575615628907e-17, 0), (0.34532350683433477, 0.1367234858932372, 0.9284709817936363, 0), (-0.8632702835355361, -0.3417934779911899, 0.37140494876503877, 0), (-697.301025390625, -314.0821228027344, 298.10003662109375, 1) ),
        89: ( (0.3387390928218764, -0.9408803467998533, 0, 0), (0.3494422971449508, 0.12580746014206326, 0.9284732435232924, 0), (-0.87358222736058, -0.3145101842204652, 0.37139929464302557, 0), (-705.6401977539062, -292.0471496582031, 298.1000061035156, 1) ),
        90: ( (0.3090185844043933, -0.9510559996617995, -1.3877787807814457e-17, 0), (0.35322739260864305, 0.11477118999889953, 0.9284707766306574, 0), (-0.8830277026252372, -0.2869147250552534, 0.37140546164921157, 0), (-713.2590942382812, -269.75289726257324, 298.10003662109375, 1) ),
        91: ( (0.2789917633617449, -0.9602934947068548, 0, 0), (0.3566564173386559, 0.10361853260077461, 0.9284715395060943, 0), (-0.8916051794081609, -0.25903591203799925, 0.3714035545430109, 0), (-720.1903076171875, -247.23549842834473, 298.1000061035156, 1) ),
        92: ( (0.24869018932128545, -0.9685830835479955, -1.3877787807814457e-17, 0), (0.3597327902090014, 0.09236380153826809, 0.9284725347654856, 0), (-0.8993027907127775, -0.2309020104504424, 0.37140106648494425, 0), (-726.4122314453125, -224.51174926757812, 298.1000061035156, 1) ),
        93: ( (0.21814331021368974, -0.97591674655629, 0, 0), (0.36246086763963836, 0.0810196297674416, 0.9284707529170034, 0), (-0.906110156459431, -0.20253968347791196, 0.3714055209306032, 0), (-731.9028930664062, -201.60037231445312, 298.1000061035156, 1) ),
        94: ( (0.18738280839176963, -0.9822869657687683, 0, 0), (0.3648241976393153, 0.0695945127088466, 0.9284718135827539, 0), (-0.9120257605660288, -0.17397965594173603, 0.37140286937818884, 0), (-736.6881103515625, -178.53131103515625, 298.10003662109375, 1) ),
        95: ( (0.15643552768363506, -0.9876881722883709, 0, 0), (0.3668311529124474, 0.0581007514180299, 0.9284714362529334, 0), (-0.9170402558946185, -0.14524591906941017, 0.37140381266542627, 0), (-740.7371215820312, -155.32171535491943, 298.1000061035156, 1) ),
        96: ( (0.1253332688644324, -0.992114696855034, -6.93889390390723e-18, 0), (0.36847652471190695, 0.04654942365872158, 0.9284708944782687, 0), (-0.9211496200140298, -0.1163682922504449, 0.3714051670436529, 0), (-744.0510864257812, -131.99584865570068, 298.10003662109375, 1) ),
        97: ( (0.09410888008535984, -0.9955619110276765, 6.938893903907228e-18, 0), (0.3697523461010609, 0.03495209972887147, 0.928472699263314, 0), (-0.9243520548156101, -0.08737752591750159, 0.37140065525345495, 0), (-746.64794921875, -108.57923698425293, 298.10003662109375, 1) ),
        98: ( (0.0627905270014755, -0.9980267279581629, 3.469446951953615e-18, 0), (0.3706714556891048, 0.02332067408128436, 0.9284712263165265, 0), (-0.9266391000039859, -0.05829919760612092, 0.37140433748447993, 0), (-748.4878540039062, -85.09104919433594, 298.1000061035156, 1) ),
        99: ( (0.03140991387439063, -0.9995065869269714, 0, 0), (0.37122186995967255, 0.011665803023442695, 0.9284709108547571, 0), (-0.9280127911694145, -0.029163191344824937, 0.3714051261042822, 0), (-749.5958251953125, -61.55704116821289, 298.1000061035156, 1) ),
        100: ( (0, -1, 0, 0), (0.3713915182179859, 0, 0.9284763541392637, 0), (-0.9284763541392637, 0, 0.3713915182179859, 0), (-750, -38.000064849853516, 298.1000061035156, 1) ),
    }
    uniform token[] xformOpOrder = ["xformOp:translate", "xformOp:rotateXYZ", "xformOp:scale", "xformOp:transform:transform11"]

    over "OmniverseKitViewportCameraMesh"
    {
        matrix4d xformOp:transform:transform11.timeSamples = {
            1: ( (0.03140991387439062, 0.9995065869269711, -1.1102230246251565e-16, 0), (-0.37122184931162355, 0.011665802374569212, 0.9284709191184262, 0), (0.9280127994290063, -0.029163191604386074, 0.37140510544604016, 0), (7495.958750606196, -615.557318097989, 2981.000016614791, 1) ),
            2: ( (0.06278687454847212, 0.9980269577443457, 0, 0), (-0.37067146684615515, 0.02331931287724731, 0.9284712560510705, 0), (0.9266393430297217, -0.0582958082755409, 0.37140426315128255, 0), (7484.880869911896, -850.8849875497075, 2981.000016614792, 0.9999999999999998) ),
            3: ( (0.09410399762815719, 0.9955623725464917, -5.551115123125783e-17, 0), (-0.3697523573003593, 0.03495027123754996, 0.9284727636345875, 0), (0.9243525474088483, -0.08737299874687773, 0.3714004943302457, 0), (7466.482432686053, -1085.7514791823692, 2981.0003217905696, 0.9999999999999998) ),
            4: ( (0.12532716635451285, 0.992115467762472, 5.551115123125783e-17, 0), (-0.368476549335417, 0.04654712409680212, 0.9284709999930967, 0), (0.9211504404620411, -0.1163626394714757, 0.37140490326841274, 0), (7440.5168569010975, -1319.9096483005633, 2981.000016614792, 1.0000000000000002) ),
            5: ( (0.15642700325757242, 0.9876895223965145, 5.551115123125783e-17, 0), (-0.3668310603184566, 0.05809749133329101, 0.9284716768358715, 0), (0.917041747052713, -0.14523804201696863, 0.37140321123219305, 0), (7407.380871066735, -1553.1585461920731, 2981.0003217905705, 0.9999999999999998) ),
            6: ( (0.18737181460555846, 0.9822890628992162, -5.551115123125783e-17, 0), (-0.3648254592499967, 0.0695905216660157, 0.9284716170014464, 0), (0.9120275145928709, -0.17396941168731808, 0.371403360812364, 0), (7366.894421474719, -1785.2433510833478, 2981.0003217905696, 1) ),
            7: ( (0.2181335545078285, 0.9759189271644342, 0, 0), (-0.36246115485803015, 0.08101588961894668, 0.9284709671541882, 0), (0.9061123901684401, -0.20253067232266436, 0.3714049853620253, 0), (7319.046521797082, -2015.9235844623502, 2981.0000166147947, 1) ),
            8: ( (0.24867922085686797, 0.9685858997084467, 5.551115123125783e-17, 0), (-0.3597339362134488, 0.09235975353374704, 0.9284724934340078, 0), (0.8993053654073234, -0.23089181625420244, 0.3714011698102688, 0), (7264.144789216746, -2245.0260400023158, 2981.0003217905696, 1) ),
            9: ( (0.278978317873208, 0.9602974008902843, -5.551115123125783e-17, 0), (-0.3566587517207519, 0.10361379559870498, 0.9284711714332464, 0), (0.8916084527289041, -0.259023325600214, 0.37140447468679644, 0), (7201.932876081275, -2472.255364771853, 2981.0003217905705, 1) ),
            10: ( (0.30900389971688086, 0.951060770907811, -1.1102230246251565e-16, 0), (-0.353229676662397, 0.11476590237259798, 0.9284705612875304, 0), (0.8830319277833265, -0.28690102421016817, 0.37140599998171586, 0), (7132.626236489024, -2697.4178675201856, 2981.0000166147956, 1) ),
            11: ( (0.33872309925636623, 0.9408861047067077, -5.551115123125783e-17, 0), (-0.3494446218797196, 0.12580158719472678, 0.9284731643395125, 0), (0.8735874989201147, -0.31449530780144513, 0.3713994925970857, 0), (7056.4445969992175, -2920.352129334924, 2981.0003217905714, 1) ),
            12: ( (0.36810908870274045, 0.9297826083630722, 5.551115123125783e-17, 0), (-0.34532588058499725, 0.1367175445789542, 0.9284709738072041, 0), (0.8632761638158639, -0.3417786040551159, 0.3714049687302286, 0), (6973.062029882341, -3140.6927022234704, 2981.0003217905705, 1) ),
            13: ( (0.3971300764153844, 0.9177623343798278, 5.551115123125783e-17, 0), (-0.34086177696566833, 0.1474962073105046, 0.9284708492100455, 0), (0.8521155739746322, -0.3687236992962424, 0.37140528020906804, 0), (6882.910053686647, -3358.3480334528085, 2981.000016614793, 0.9999999999999998) ),
            14: ( (0.4257629981177888, 0.9048347194011467, 0, 0), (-0.33605573272399336, 0.15812843299595464, 0.9284729092340731, 0), (0.8401145242983791, -0.39530940950664456, 0.3714001303424868, 0), (6786.069234817189, -3573.127998514056, 2981.0003217905705, 0.9999999999999998) ),
            15: ( (0.4539737277252898, 0.8910150697576358, 5.551115123125783e-17, 0), (-0.3309277118158094, 0.16860824473090902, 0.928470844647862, 0), (0.8272815144118457, -0.42150137042903846, 0.37140529161400687, 0), (6682.302756871241, -3784.6462448739076, 2981.0003217905723, 1) ),
            16: ( (0.481738211401358, 0.8763151805576691, 0, 0), (-0.32546627672973255, 0.1789191212269804, 0.9284716747273716, 0), (0.813633823281398, -0.44728028391998753, 0.37140321650323627, 0), (6572.095849333765, -3992.8826309311, 2981.0000166147947, 0.9999999999999998) ),
            17: ( (0.5090255556230049, 0.860751406459897, 0, 0), (-0.3196842339707602, 0.18905277830465284, 0.9284724215429448, 0), (0.7991839427023163, -0.47261619025653434, 0.3714013495319855, 0), (6455.4131118146615, -4197.560057080388, 2981.0003217905723, 1) ),
            18: ( (0.5358104825143809, 0.8443382774858111, 0, 0), (-0.31359180816052906, 0.19900291449936525, 0.9284707953809687, 0), (0.7839434320678481, -0.49748438487358765, 0.3714054147755949, 0), (6332.235013064221, -4398.394099497884, 2981.000016614793, 1.0000000000000002) ),
            19: ( (0.562068177145074, 0.8270909044602133, 0, 0), (-0.307183887262663, 0.2087537012328109, 0.9284718367445517, 0), (0.7679306112188872, -0.5218644728095485, 0.3714028114758934, 0), (6202.95217807662, -4595.356376836352, 2981.000016614791, 0.9999999999999998) ),
            20: ( (0.5877708258360574, 0.80902747561254, 5.551115123125783e-17, 0), (-0.3004749231673762, 0.21829962400151776, 0.9284719137961878, 0), (0.7511592885956737, -0.54572870353757, 0.37140261885404713, 0), (6067.47000236109, -4788.106045900195, 2981.0003217905705, 1) ),
            21: ( (0.6128929919098639, 0.7901659195813087, 5.551115123125783e-17, 0), (-0.2934717323579623, 0.22763164498558708, 0.9284708808077784, 0), (0.7336460473379458, -0.5690532960394659, 0.3714052012183295, 0), (5925.967929274321, -4976.480028383731, 2981.000016614793, 0.9999999999999998) ),
            22: ( (0.6374104851499522, 0.7705244145521299, -5.551115123125783e-17, 0), (-0.2861737852435047, 0.23673509605180676, 0.9284724330515937, 0), (0.7154106779048707, -0.591818063999773, 0.3714013207613209, 0), (5778.750524241469, -5160.427817695919, 2981.0000166147947, 1) ),
            23: ( (0.6612984671210718, 0.7501228815223016, 0, 0), (-0.2785988118480426, 0.24560904853744936, 0.9284712689757222, 0), (0.6964675436947366, -0.6139966269396014, 0.3714042308410233, 0), (5625.6786271083565, -5339.527508325466, 2981.000321790574, 1.0000000000000002) ),
            24: ( (0.6845352044311143, 0.7289798034887199, 0, 0), (-0.2707467391001817, 0.25423979308072614, 0.9284709639406542, 0), (0.6768365808384403, -0.6355710611094696, 0.37140499339550115, 0), (5467.105021072851, -5513.774370047832, 2981.0000166147947, 1) ),
            25: ( (0.7070945740525633, 0.7071189881097977, 5.551115123125783e-17, 0), (-0.26262321587143594, 0.26261414851738246, 0.9284734005257421, 0), (0.6565411714666256, -0.6565185036638849, 0.37139890214722576, 0), (5303.2610675206615, -5683.074866487461, 2981.0003217905705, 1.0000000000000002) ),
            26: ( (0.7289564288782536, 0.6845600958258254, 2.7755575615628914e-17, 0), (-0.25424930699800213, 0.27073834423616505, 0.9284708066769227, 0), (0.6355940643902358, -0.6768147635529211, 0.3714053865370083, 0), (5133.963546544857, -5846.92801345992, 2981.0000166147947, 1) ),
            27: ( (0.7501000220006068, 0.6613243961889571, -2.7755575615628914e-17, 0), (-0.24561870634390065, 0.27859035307640273, 0.9284712522564785, 0), (0.6140206902773208, -0.6964463067445157, 0.3714042726373593, 0), (4959.722521309219, -6005.506502307855, 2981.000016614793, 0.9999999999999998) ),
            28: ( (0.7705020489833245, 0.6374375204774961, 0, 0), (-0.23674524273179193, 0.2861656064350545, 0.9284723667064745, 0), (0.5918431232652477, -0.7153898609717353, 0.37140148661856165, 0), (4780.630383780144, -6158.5826719018405, 2981.0003217905705, 0.9999999999999998) ),
            29: ( (0.7901442976804143, 0.6129208667055847, 0, 0), (-0.22764230018502224, 0.29346409165157133, 0.9284706834777233, 0), (0.5690790560278925, -0.7336258161133598, 0.37140569452070826, 0), (4596.688469101659, -6305.806180450229, 2981.000016614791, 1) ),
            30: ( (0.8090069549896566, 0.5877990700727278, 8.326672684688674e-17, 0), (-0.21831038365166447, 0.3004676729053084, 0.9284717302797818, 0), (0.5457548196472723, -0.751140087307624, 0.3714030776276205, 0), (4408.320246810911, -6447.314967404083, 2981.0003217905705, 1) ),
            31: ( (0.8270703537020134, 0.5620984166738296, 5.551115123125783e-17, 0), (-0.2087649892173567, 0.3071763384325418, 0.9284717962244482, 0), (0.521892526584069, -0.7679114969056983, 0.3714029127722971, 0), (4215.577329761126, -6582.801415580489, 2981.000016614793, 1) ),
            32: ( (0.8443188633344761, 0.5358410744032021, 0, 0), (-0.19901446419946758, 0.31358489340736156, 0.9284706552530845, 0), (0.49751271346265785, -0.7839252882827008, 0.37140576507898676, 0), (4018.619935235084, -6712.092185138282, 2981.0000166147947, 0.9999999999999998) ),
            33: ( (0.8607338252880558, 0.5090552838395753, -5.551115123125783e-17, 0), (-0.189063968147369, 0.3196779558011784, 0.9284723046613457, 0), (0.472643732586566, -0.7991675184651771, 0.37140164172610957, 0), (3817.787723872247, -6835.278218458919, 2981.000016614793, 1) ),
            34: ( (0.8762984724804138, 0.481768603302969, -8.326672684688674e-17, 0), (-0.17893050780012595, 0.3254602512293453, 0.9284715925908131, 0), (0.44730846236895927, -0.8136182383287867, 0.3714034218365247, 0), (3613.116401238494, -6951.967059493555, 2981.0003217905723, 1) ),
            35: ( (0.8909990864366353, 0.45400509685363805, 5.551115123125783e-17, 0), (-0.16861982748662002, 0.33092164226102483, 0.9284709044777053, 0), (0.4215305229131857, -0.8272667276726322, 0.3714051420461908, 0), (3404.881541060187, -7062.182511952781, 2981.0003217905723, 0.9999999999999998) ),
            36: ( (0.9048199471059908, 0.42579439089672394, 5.551115123125783e-17, 0), (-0.1581398775401048, 0.3360497899698529, 0.9284731109691967, 0), (0.39533864274911545, -0.8401009911564834, 0.3713996260191732, 0), (3193.3645154034425, -7165.956924468922, 2980.999711439017, 1.0000000000000002) ),
            37: ( (0.9177485521623876, 0.3971619254206544, 5.551115123125783e-17, 0), (-0.14750769520805154, 0.3408558702262751, 0.9284711926531147, 0), (0.36875340657172234, -0.8521030927818816, 0.37140442163940734, 0), (2978.587296924185, -7262.806288260128, 2981.0003217905687, 1.0000000000000002) ),
            38: ( (0.9297705087657008, 0.3681396488149169, 0, 0), (-0.13672877313018028, 0.34532107955606506, 0.9284711059653661, 0), (0.341807026884887, -0.8632650525676713, 0.3714046383494024, 0), (2760.9252709012435, -7352.969250783785, 2981.000016614793, 1.0000000000000004) ),
            39: ( (0.9408750827472157, 0.33875371387694053, 5.551115123125783e-17, 0), (-0.12581309838981788, 0.34944091978636, 0.9284729979123878, 0), (0.3145236762772783, -0.8735771087393733, 0.37139990865317, 0), (2540.5788805994557, -7436.362804228622, 2981.0003217905705, 1) ),
            40: ( (0.9510512573326901, 0.30903317932854546, 4.163336342344337e-17, 0), (-0.11477675357888967, 0.35322607119708815, 0.9284705915991956, 0), (0.28692821883495484, -0.8830231235368418, 0.3714059242061703, 0), (2317.6410711163107, -7512.554209343281, 2981.0003217905687, 1) ),
            41: ( (0.9602889104601128, 0.2790075419183675, -4.163336342344337e-17, 0), (-0.10362449996521884, 0.3566550835306401, 0.9284713858804217, 0), (0.2590505191160365, -0.8916007755405009, 0.37140393859151466, 0), (2092.467467599102, -7581.871224911939, 2981.000016614793, 1) ),
            42: ( (0.9685790155421095, 0.2487060325996892, -1.3877787807814457e-17, 0), (-0.09236974142560145, 0.3597314961792369, 0.9284724452161277, 0), (0.23091669822783542, -0.8992989269454121, 0.3714012903509957, 0), (1865.2293118055263, -7644.092903672261, 2981.000016614793, 1) ),
